vars,contraints,operation,elapsed_time
3073,1024,fillTableau,711.679993
3073,1024,gauss1,126.880005
3073,1024,solve,682.175964
3073,1024,solve,697.664001
3073,1024,solve,884.512024
3073,1024,solve,933.823975
3073,1024,solve,696.031982
3073,1024,solve,661.759949
3073,1024,solve,654.976013
3073,1024,solve,707.520020
3073,1024,solve,710.911987
3073,1024,solve,700.479980
3073,1024,solve,1253.344116
3073,1024,solve,667.072021
3073,1024,solve,699.520020
3073,1024,solve,656.319946
3073,1024,solve,694.143982
3073,1024,solve,692.831970
3073,1024,solve,653.471985
3073,1024,solve,939.360046
3073,1024,solve,669.503967
3073,1024,solve,696.384033
3073,1024,solve,692.416016
3073,1024,solve,693.055969
3073,1024,solve,710.208008
3073,1024,solve,656.096008
3073,1024,solve,696.384033
3073,1024,solve,1890.943970
3073,1024,solve,1427.360107
3073,1024,solve,690.015991
3073,1024,solve,670.239990
3073,1024,solve,704.223999
3073,1024,solve,1170.047974
3073,1024,solve,698.687988
3073,1024,solve,659.200012
3073,1024,solve,656.319946
3073,1024,solve,693.759949
3073,1024,solve,660.831970
3073,1024,solve,697.664001
3073,1024,solve,655.935974
3073,1024,solve,699.072021
3073,1024,solve,695.263977
3073,1024,solve,695.552002
3073,1024,solve,699.263977
3073,1024,solve,653.119995
3073,1024,solve,699.007996
3073,1024,solve,654.591980
3073,1024,solve,658.624023
3073,1024,solve,688.223999
3073,1024,solve,690.720032
3073,1024,solve,691.104004
3073,1024,solve,651.935974
3073,1024,solve,688.640015
3073,1024,solve,655.807983
3073,1024,solve,689.375977
3073,1024,solve,705.088013
3073,1024,solve,650.208008
3073,1024,solve,713.792053
3073,1024,solve,687.839966
3073,1024,solve,688.159973
3073,1024,solve,691.263977
3073,1024,solve,691.200012
3073,1024,solve,687.520020
3073,1024,solve,692.192017
3073,1024,solve,652.992004
3073,1024,solve,704.255981
3073,1024,solve,712.575989
3073,1024,solve,2567.456055
3073,1024,solve,698.495972
3073,1024,solve,1095.711914
3073,1024,solve,873.279968
3073,1024,solve,694.495972
3073,1024,solve,692.544006
3073,1024,solve,694.656006
3073,1024,solve,696.160034
3073,1024,solve,654.367981
3073,1024,solve,694.911987
3073,1024,solve,689.728027
3073,1024,solve,647.135986
3073,1024,solve,653.792053
3073,1024,solve,693.343994
3073,1024,solve,690.080017
3073,1024,solve,690.815979
3073,1024,solve,689.408020
3073,1024,solve,653.087952
3073,1024,solve,711.135986
3073,1024,solve,2636.320068
3073,1024,solve,710.143982
3073,1024,solve,700.031982
3073,1024,solve,1191.679932
3073,1024,solve,721.343994
3073,1024,solve,658.624023
3073,1024,solve,658.176025
3073,1024,solve,690.080017
3073,1024,solve,671.136047
3073,1024,solve,702.495972
3073,1024,solve,1263.488037
3073,1024,solve,1275.072021
3073,1024,solve,1258.944092
3073,1024,solve,1257.343994
3073,1024,solve,1262.367920
3073,1024,solve,2540.895996
3073,1024,solve,2005.503906
3073,1024,solve,1757.408081
3073,1024,solve,1265.439941
3073,1024,solve,1280.927979
3073,1024,solve,1274.528076
3073,1024,solve,1260.223999
3073,1024,solve,1256.960083
3073,1024,solve,1267.135986
3073,1024,solve,1278.048096
3073,1024,solve,1902.624023
3073,1024,solve,2579.904053
3073,1024,solve,1276.479980
3073,1024,solve,1265.312012
3073,1024,solve,1694.975952
3073,1024,solve,1268.959961
3073,1024,solve,1263.391968
3073,1024,solve,1263.424072
3073,1024,solve,1274.047974
3073,1024,solve,1623.359985
3073,1024,solve,1443.840088
3073,1024,solve,3179.231934
3073,1024,solve,698.719971
3073,1024,solve,1274.463989
3073,1024,solve,1260.352051
3073,1024,solve,1794.527954
3073,1024,solve,1294.816040
3073,1024,solve,1266.368042
3073,1024,solve,1219.200073
3073,1024,solve,1221.248047
3073,1024,solve,1200.832031
3073,1024,solve,1198.911987
3073,1024,solve,3140.671875
3073,1024,solve,1201.760010
3073,1024,solve,1200.063965
3073,1024,solve,1198.367920
3073,1024,solve,1699.679932
3073,1024,solve,1224.511963
3073,1024,solve,1205.728027
3073,1024,solve,1199.648071
3073,1024,solve,1215.807983
3073,1024,solve,1200.127930
3073,1024,solve,687.744019
3073,1024,solve,1853.375977
3073,1024,solve,4819.744141
3073,1024,solve,1201.184082
3073,1024,solve,1202.592041
3073,1024,solve,1557.375977
3073,1024,solve,669.536011
3073,1024,solve,1201.855957
3073,1024,solve,1203.232056
3073,1024,solve,1224.959961
3073,1024,solve,1197.919922
3073,1024,solve,2470.112061
3073,1024,solve,1938.336060
3073,1024,solve,1197.984009
3073,1024,solve,1217.984009
3073,1024,solve,1199.968018
3073,1024,solve,1200.319946
3073,1024,solve,1696.895996
3073,1024,solve,692.351990
3073,1024,solve,1201.024048
3073,1024,solve,693.312012
3073,1024,solve,1266.111938
3073,1024,solve,684.671997
3073,1024,solve,1895.712036
3073,1024,solve,2021.408081
3073,1024,solve,1770.336060
3073,1024,solve,1277.183960
3073,1024,solve,1282.783936
3073,1024,solve,1268.831909
3073,1024,solve,652.831970
3073,1024,solve,1263.488037
3073,1024,solve,1263.296021
3073,1024,solve,1288.703979
3073,1024,solve,1263.583984
3073,1024,solve,666.783997
3073,1024,solve,1910.624023
3073,1024,solve,2563.167969
3073,1024,solve,1786.816040
3073,1024,solve,1295.392090
3073,1024,solve,1269.248047
3073,1024,solve,1289.695923
3073,1024,solve,1267.359985
3073,1024,solve,1291.167969
3073,1024,solve,690.080017
3073,1024,solve,1267.583984
3073,1024,solve,1903.583984
3073,1024,solve,2007.839966
3073,1024,solve,1266.720093
3073,1024,solve,706.463989
3073,1024,solve,1266.816040
3073,1024,solve,1170.303955
3073,1024,solve,1275.296021
3073,1024,solve,714.079956
3073,1024,solve,1270.719971
3073,1024,solve,1276.223999
3073,1024,solve,1274.271973
3073,1024,solve,718.687988
3073,1024,solve,1265.215942
3073,1024,solve,696.063965
3073,1024,solve,3192.127930
3073,1024,solve,1266.527954
3073,1024,solve,1264.608032
3073,1024,solve,1264.895996
3073,1024,solve,1822.975952
3073,1024,solve,693.983948
3073,1024,solve,1276.191895
3073,1024,solve,1261.919922
3073,1024,solve,686.367981
3073,1024,solve,1254.880005
3073,1024,solve,1256.703979
3073,1024,solve,1327.968018
3073,1024,solve,2600.735840
3073,1024,solve,690.527954
3073,1024,solve,1260.095947
3073,1024,solve,698.943970
3073,1024,solve,1257.631958
3073,1024,solve,703.200012
3073,1024,solve,1750.048096
3073,1024,solve,1277.951904
3073,1024,solve,695.295959
3073,1024,solve,1276.191895
3073,1024,solve,1257.791992
3073,1024,solve,700.031982
3073,1024,solve,1901.855957
3073,1024,solve,2706.080078
3073,1024,solve,697.247986
3073,1024,solve,690.271973
3073,1024,solve,1263.583984
3073,1024,solve,1276.095947
3073,1024,solve,1765.663940
3073,1024,solve,1268.800049
3073,1024,solve,707.615967
3073,1024,solve,708.544006
3073,1024,solve,1261.088013
3073,1024,solve,698.144043
3073,1024,solve,1256.000000
3073,1024,solve,2556.447998
3073,1024,solve,1454.784058
3073,1024,solve,1757.728027
3073,1024,solve,1264.608032
3073,1024,solve,704.064026
3073,1024,solve,1266.303955
3073,1024,solve,693.279968
3073,1024,solve,1279.072021
3073,1024,solve,1257.248047
3073,1024,solve,1267.104004
3073,1024,solve,652.127991
3073,1024,solve,1271.615967
3073,1024,solve,1904.064087
3073,1024,solve,2568.288086
3073,1024,solve,1748.991943
3073,1024,solve,715.648010
3073,1024,solve,697.984009
3073,1024,solve,1260.032104
3073,1024,solve,693.055969
3073,1024,solve,1216.992065
3073,1024,solve,689.695984
3073,1024,solve,700.384033
3073,1024,solve,1197.631958
3073,1024,solve,698.207947
3073,1024,solve,1196.479980
3073,1024,solve,2471.583984
3073,1024,solve,1435.968018
3073,1024,solve,1198.047974
3073,1024,solve,691.039978
3073,1024,solve,1698.208008
3073,1024,solve,1207.167969
3073,1024,solve,1801.312012
3073,1024,solve,1218.752075
3073,1024,solve,1203.647949
3073,1024,solve,1199.903931
3073,1024,solve,691.135986
3073,1024,solve,1213.536011
3073,1024,solve,1331.392090
3073,1024,solve,2510.080078
3073,1024,solve,700.096008
3073,1024,solve,1217.119995
3073,1024,solve,696.671997
3073,1024,solve,697.791992
3073,1024,solve,1619.456055
3073,1024,solve,1201.728027
3073,1024,solve,698.848022
3073,1024,solve,1201.823975
3073,1024,solve,1208.096069
3073,1024,solve,1198.239990
3073,1024,solve,1203.871948
3073,1024,solve,661.055969
3073,1024,solve,2571.968018
3073,1024,solve,1202.111938
3073,1024,solve,687.424011
3073,1024,solve,662.112000
3073,1024,solve,1200.991943
3073,1024,solve,1216.735962
3073,1024,solve,1026.144043
3073,1024,solve,1204.704102
3073,1024,solve,654.432007
3073,1024,solve,698.591980
3073,1024,solve,694.880005
3073,1024,solve,1202.144043
3073,1024,solve,1198.112061
3073,1024,solve,686.528015
3073,1024,solve,1837.888062
3073,1024,solve,1991.359985
3073,1024,solve,692.991943
3073,1024,solve,1208.447998
3073,1024,solve,694.688049
3073,1024,solve,1197.823975
3073,1024,solve,693.567993
3073,1024,solve,1690.176025
3073,1024,solve,1203.359985
3073,1024,solve,1269.215942
3073,1024,solve,1269.631958
3073,1024,solve,656.256042
3073,1024,solve,1269.920044
3073,1024,solve,691.168030
3073,1024,solve,1349.696045
3073,1024,solve,1993.312012
3073,1024,solve,1761.119995
3073,1024,solve,1280.287964
3073,1024,solve,703.423950
3073,1024,solve,693.888000
3073,1024,solve,1269.312012
3073,1024,solve,1276.895996
3073,1024,solve,653.119995
3073,1024,solve,1263.104004
3073,1024,solve,1268.800049
3073,1024,solve,1260.992065
3073,1024,solve,1270.815918
3073,1024,solve,2551.968018
3073,1024,solve,690.303955
3073,1024,solve,1261.407959
3073,1024,solve,1146.080078
3073,1024,solve,1270.271973
3073,1024,solve,653.919983
3073,1024,solve,1273.536011
3073,1024,solve,712.640015
3073,1024,solve,1265.791992
3073,1024,solve,690.208008
3073,1024,solve,647.808044
3073,1024,solve,1260.831909
3073,1024,solve,705.888000
3073,1024,solve,1900.223999
3073,1024,solve,2570.751953
3073,1024,solve,687.264038
3073,1024,solve,1281.791992
3073,1024,solve,1696.287964
3073,1024,solve,696.575989
3073,1024,solve,1276.095947
3073,1024,solve,691.968018
3073,1024,solve,1287.232056
3073,1024,solve,1268.031982
3073,1024,solve,701.247986
3073,1024,solve,720.992004
3073,1024,solve,1927.871948
3073,1024,solve,2006.207886
3073,1024,solve,1268.000000
3073,1024,solve,697.823975
3073,1024,solve,1267.776001
3073,1024,solve,1264.192017
3073,1024,solve,1684.735962
3073,1024,solve,1267.007935
3073,1024,solve,1270.880005
3073,1024,solve,1266.463989
3073,1024,solve,1256.927979
3073,1024,solve,1319.391968
3073,1024,solve,2578.048096
3073,1024,solve,1752.864014
3073,1024,solve,692.960022
3073,1024,solve,696.416016
3073,1024,solve,1265.696045
3073,1024,solve,710.687988
3073,1024,solve,1261.407959
3073,1024,solve,695.200012
3073,1024,solve,1258.496094
3073,1024,solve,1261.631958
3073,1024,solve,1265.375977
3073,1024,solve,1321.952026
3073,1024,solve,2558.847900
3073,1024,solve,706.208008
3073,1024,solve,1261.984009
3073,1024,solve,1805.631958
3073,1024,solve,1266.239990
3073,1024,solve,1260.959961
3073,1024,solve,1263.359985
3073,1024,solve,1276.031982
3073,1024,solve,688.192017
3073,1024,solve,1267.776001
3073,1024,solve,1261.375977
3073,1024,solve,1322.527954
3073,1024,solve,1999.071899
3073,1024,solve,696.959961
3073,1024,solve,1264.895996
3073,1024,solve,704.608032
3073,1024,solve,1776.064087
3073,1024,solve,1265.439941
3073,1024,solve,1271.232056
3073,1024,solve,1265.823975
3073,1024,solve,1256.832031
3073,1024,solve,1270.271973
3073,1024,solve,1259.488037
3073,1024,solve,1262.976074
3073,1024,solve,3162.623779
3073,1024,solve,688.895996
3073,1024,solve,1255.744019
3073,1024,solve,692.831970
3073,1024,solve,1753.119995
3073,1024,solve,1280.159912
3073,1024,solve,1261.984009
3073,1024,solve,1281.375977
3073,1024,solve,1210.559937
3073,1024,solve,1199.552002
3073,1024,solve,1205.984009
3073,1024,solve,2492.703857
3073,1024,solve,1968.703979
3073,1024,solve,1208.895996
3073,1024,solve,1202.400024
3073,1024,solve,1199.520020
3073,1024,solve,1209.439941
3073,1024,solve,1220.671997
3073,1024,solve,1236.479980
3073,1024,solve,1214.560059
3073,1024,solve,1212.511963
3073,1024,solve,1200.192017
3073,1024,solve,1205.216064
3073,1024,solve,2591.520020
3073,1024,solve,1217.856079
3073,1024,solve,698.687988
3073,1024,solve,1770.784058
3073,1024,solve,1219.936035
3073,1024,solve,1730.208008
3073,1024,solve,726.719971
3073,1024,solve,1211.264038
3073,1024,solve,1216.287964
3073,1024,solve,1213.855957
3073,1024,solve,1207.135986
3073,1024,solve,1850.047974
3073,1024,solve,2497.760010
3073,1024,solve,1737.823975
3073,1024,solve,1211.519897
3073,1024,solve,1209.823975
3073,1024,solve,1226.463989
3073,1024,solve,1198.880005
3073,1024,solve,1202.944092
3073,1024,solve,1201.311890
3073,1024,solve,1265.856079
3073,1024,solve,701.663940
3073,1024,solve,2544.672119
3073,1024,solve,2012.255859
3073,1024,solve,1267.328003
3073,1024,solve,1716.703979
3073,1024,solve,1548.095947
3073,1024,solve,695.936035
3073,1024,solve,1612.543945
3073,1024,solve,1396.479980
3073,1024,solve,1271.552002
3073,1024,solve,1271.072021
3073,1024,solve,3380.864014
3073,1024,solve,1268.991943
3073,1024,solve,1283.359985
3073,1024,solve,1761.919922
3073,1024,solve,1296.831909
3073,1024,solve,1275.199951
3073,1024,solve,1290.336060
3073,1024,solve,1312.863892
3073,1024,solve,1267.359985
3073,1024,solve,2535.008057
3073,1024,solve,2013.056030
3073,1024,solve,1269.088013
3073,1024,solve,1270.975952
3073,1024,solve,1271.008057
3073,1024,solve,1774.304077
3073,1024,solve,700.832031
3073,1024,solve,1289.343994
3073,1024,solve,1273.504028
3073,1024,solve,697.984009
3073,1024,solve,1297.536011
3073,1024,solve,3153.183838
3073,1024,solve,1274.400024
3073,1024,solve,1762.400024
3073,1024,solve,701.152039
3073,1024,solve,1284.927979
3073,1024,solve,694.527954
3073,1024,solve,692.096008
3073,1024,solve,1275.392090
3073,1024,solve,1281.888062
3073,1024,solve,1267.295898
3073,1024,solve,1262.143921
3073,1024,solve,1266.656006
3073,1024,solve,3143.008057
3073,1024,solve,1260.511963
3073,1024,solve,1762.624023
3073,1024,solve,1263.615967
3073,1024,solve,688.447998
3073,1024,solve,1263.328003
3073,1024,solve,1265.472046
3073,1024,solve,1272.351929
3073,1024,solve,1266.751953
3073,1024,solve,1261.823975
3073,1024,solve,1903.807983
3073,1024,solve,2561.599854
3073,1024,solve,1262.432007
3073,1024,solve,1272.608032
3073,1024,solve,1754.400024
3073,1024,solve,1266.335938
3073,1024,solve,1279.935913
3073,1024,solve,1265.088013
3073,1024,solve,1261.024048
3073,1024,solve,1258.208008
3073,1024,solve,1268.128052
3073,1024,solve,2555.936035
3073,1024,solve,2020.607910
3073,1024,solve,690.080017
3073,1024,solve,1260.864014
3073,1024,solve,1279.391968
3073,1024,solve,1621.407959
3073,1024,solve,1200.351929
3073,1024,solve,1204.735962
3073,1024,solve,1202.239990
3073,1024,solve,1227.552002
3073,1024,solve,1200.127930
3073,1024,solve,1319.328003
3073,1024,solve,2515.295898
3073,1024,solve,1204.735962
3073,1024,solve,692.991943
3073,1024,solve,1198.752075
3073,1024,solve,688.543945
3073,1024,solve,1205.536011
3073,1024,solve,1621.183960
3073,1024,solve,1199.712036
3073,1024,solve,1214.208008
3073,1024,solve,695.743958
3073,1024,solve,1215.359985
3073,1024,solve,1236.575928
3073,1024,solve,2497.791992
3073,1024,solve,1936.800049
3073,1024,solve,699.679993
3073,1024,solve,1198.943970
3073,1024,solve,1203.488037
3073,1024,solve,1198.367920
3073,1024,solve,1691.264038
3073,1024,solve,720.480042
3073,1024,solve,1219.936035
3073,1024,solve,1203.168091
3073,1024,solve,1203.295898
3073,1024,solve,692.160034
3073,1024,solve,1835.839966
3073,1024,solve,2505.600098
3073,1024,solve,1696.255981
3073,1024,solve,1205.088013
3073,1024,solve,1208.768066
3073,1024,solve,1206.367920
3073,1024,solve,1267.135986
3073,1024,solve,1268.255981
3073,1024,solve,693.408020
3073,1024,solve,1270.624023
3073,1024,solve,1267.168091
3073,1024,solve,1274.304077
3073,1024,solve,3169.215820
3073,1024,solve,1268.447998
3073,1024,solve,1763.744019
3073,1024,solve,1271.296021
3073,1024,solve,732.351990
3073,1024,solve,1287.359985
3073,1024,solve,693.823975
3073,1024,solve,1264.384033
3073,1024,solve,1270.943970
3073,1024,solve,1266.783936
3073,1024,solve,1272.127930
3073,1024,solve,2548.288086
3073,1024,solve,2482.815918
3073,1024,solve,1775.167969
3073,1024,solve,1276.479980
3073,1024,solve,1276.800049
3073,1024,solve,1290.047974
3073,1024,solve,1277.280029
3073,1024,solve,651.424011
3073,1024,solve,1279.008057
3073,1024,solve,656.416016
3073,1024,solve,1905.280029
3073,1024,solve,2582.112061
3073,1024,solve,659.936035
3073,1024,solve,1288.640015
3073,1024,solve,656.799988
3073,1024,solve,1761.472046
3073,1024,solve,684.512024
3073,1024,solve,689.023987
3073,1024,solve,1267.359985
3073,1024,solve,704.000000
3073,1024,solve,1272.959961
3073,1024,solve,690.271973
3073,1024,solve,1274.208008
3073,1024,solve,685.375977
3073,1024,solve,2562.303955
3073,1024,solve,1461.887939
3073,1024,solve,1279.456055
3073,1024,solve,1268.511963
3073,1024,solve,1265.599976
3073,1024,solve,1177.664062
3073,1024,solve,1262.687988
3073,1024,solve,694.559998
3073,1024,solve,656.032043
3073,1024,solve,1261.088013
3073,1024,solve,1278.592041
3073,1024,solve,1256.351929
3073,1024,solve,702.976013
3073,1024,solve,3299.743896
3073,1024,solve,695.616028
3073,1024,solve,668.735962
3073,1024,solve,1263.615967
3073,1024,solve,652.127991
3073,1024,solve,1260.032104
3073,1024,solve,1758.527954
3073,1024,solve,697.023987
3073,1024,solve,1271.359985
3073,1024,solve,1262.527954
3073,1024,solve,1265.023926
3073,1024,solve,701.023987
3073,1024,solve,2540.512207
3073,1024,solve,2016.000000
3073,1024,solve,1755.104004
3073,1024,solve,1266.527954
3073,1024,solve,1268.479980
3073,1024,solve,1274.495972
3073,1024,solve,1270.239990
3073,1024,solve,1267.904053
3073,1024,solve,1263.648071
3073,1024,solve,1267.359985
3073,1024,solve,1902.432007
3073,1024,solve,2563.231934
3073,1024,solve,690.271973
3073,1024,solve,1263.039917
3073,1024,solve,1108.991943
3073,1024,solve,658.752014
3073,1024,solve,1260.480103
3073,1024,solve,662.367981
3073,1024,solve,691.424011
3073,1024,solve,1261.919922
3073,1024,solve,700.223999
3073,1024,solve,1265.056030
3073,1024,solve,1261.952026
3073,1024,solve,694.367981
3073,1024,solve,1836.992065
3073,1024,solve,2002.208008
3073,1024,solve,1198.432007
3073,1024,solve,1202.624023
3073,1024,solve,688.799988
3073,1024,solve,1713.024048
3073,1024,solve,1202.400024
3073,1024,solve,1203.615967
3073,1024,solve,1220.160034
3073,1024,solve,1205.407959
3073,1024,solve,1195.328003
3073,1024,solve,1216.255981
3073,1024,solve,692.384033
3073,1024,solve,3084.352051
3073,1024,solve,688.864014
3073,1024,solve,1202.975952
3073,1024,solve,689.472046
3073,1024,solve,1201.151978
3073,1024,solve,1103.296021
3073,1024,solve,1199.359985
3073,1024,solve,700.511963
3073,1024,solve,1211.680054
3073,1024,solve,1197.056030
3073,1024,solve,695.392029
3073,1024,solve,1199.359985
3073,1024,solve,1196.768066
3073,1024,solve,1324.223999
3073,1024,solve,2019.200073
3073,1024,solve,1202.624023
3073,1024,solve,1199.583984
3073,1024,solve,654.591980
3073,1024,solve,692.831970
3073,1024,solve,689.023987
3073,1024,solve,1702.111938
3073,1024,solve,1206.015991
3073,1024,solve,700.479980
3073,1024,solve,1204.640015
3073,1024,solve,702.719971
3073,1024,solve,1196.383911
3073,1024,solve,657.504028
3073,1024,solve,655.903992
3073,1024,solve,1333.312012
3073,1024,solve,2487.904053
3073,1024,solve,671.552002
3073,1024,solve,1217.407959
3073,1024,solve,657.151978
3073,1024,solve,652.736023
3073,1024,solve,702.559998
3073,1024,solve,649.504028
3073,1024,solve,1135.583984
3073,1024,solve,1204.287964
3073,1024,solve,660.704041
3073,1024,solve,659.231995
3073,1024,solve,695.807983
3073,1024,solve,694.751953
3073,1024,solve,692.351990
3073,1024,solve,1194.656006
3073,1024,solve,692.991943
3073,1024,solve,1341.631958
3073,1024,solve,5055.071777
3073,1024,solve,2179.456055
3073,1024,solve,1710.144043
3073,1024,solve,1211.840088
3073,1024,solve,1272.000000
3073,1024,solve,662.271973
3073,1024,solve,658.911987
3073,1024,solve,699.007996
3073,1024,solve,1277.280029
3073,1024,solve,1262.880005
3073,1024,solve,1265.504028
3073,1024,solve,689.791992
3073,1024,solve,1287.871948
3073,1024,solve,1276.512085
3073,1024,solve,1265.504028
3073,1024,solve,709.855957
3073,1024,solve,1269.503906
3073,1024,solve,697.536011
3073,1024,solve,652.863953
3073,1024,solve,1270.303955
3073,1024,solve,655.648010
3073,1024,solve,1262.143921
3073,1024,solve,690.047974
3073,1024,solve,1285.536011
3073,1024,solve,2581.088135
3073,1024,solve,716.320007
3073,1024,solve,694.080017
3073,1024,solve,688.287964
3073,1024,solve,1756.895996
3073,1024,solve,1273.856079
3073,1024,solve,1286.272095
3073,1024,solve,675.231995
3073,1024,solve,697.664001
3073,1024,solve,652.512024
3073,1024,solve,693.536011
3073,1024,solve,1274.015991
3073,1024,solve,1109.439941
3073,1024,solve,1277.760010
3073,1024,solve,698.239990
3073,1024,solve,1296.447998
3073,1024,solve,652.416016
3073,1024,solve,694.656006
3073,1024,solve,1269.664062
3073,1024,solve,1265.920044
3073,1024,solve,652.736023
3073,1024,solve,692.960022
3073,1024,solve,1271.008057
3073,1024,solve,693.599976
3073,1024,solve,651.744019
3073,1024,solve,1264.864014
3073,1024,solve,1267.072021
3073,1024,solve,690.303955
3073,1024,solve,1280.895996
3073,1024,solve,2624.576172
3073,1024,solve,1766.400024
3073,1024,solve,1268.447998
3073,1024,solve,1268.416016
3073,1024,solve,659.519958
3073,1024,solve,1267.871948
3073,1024,solve,703.968018
3073,1024,solve,1267.936035
3073,1024,solve,1268.800049
3073,1024,solve,655.615967
3073,1024,solve,1261.823975
3073,1024,solve,654.399963
3073,1024,solve,1285.151978
3073,1024,solve,1263.296021
3073,1024,solve,1259.647949
3073,1024,solve,1262.432007
3073,1024,solve,1265.151978
3073,1024,solve,1267.871948
3073,1024,solve,1259.456055
3073,1024,solve,1280.511963
3073,1024,solve,686.016052
3073,1024,solve,1258.015991
3073,1024,solve,1274.015991
3073,1024,solve,651.935974
3073,1024,solve,1261.599976
3073,1024,solve,1910.271973
3073,1024,solve,2560.895996
3073,1024,solve,1269.760010
3073,1024,solve,1189.216064
3073,1024,solve,1267.264038
3073,1024,solve,1285.887939
3073,1024,solve,1269.760010
3073,1024,solve,1268.576050
3073,1024,solve,698.752014
3073,1024,solve,1262.495972
3073,1024,solve,1265.119995
3073,1024,solve,1262.079956
3073,1024,solve,1271.039917
3073,1024,solve,712.447998
3073,1024,solve,1260.032104
3073,1024,solve,1255.167969
3073,1024,solve,691.776001
3073,1024,solve,1258.687988
3073,1024,solve,1260.159912
3073,1024,solve,1267.007935
3073,1024,solve,1258.208008
3073,1024,solve,1607.712036
3073,1024,solve,1273.567993
3073,1024,solve,1909.216064
3073,1024,solve,3062.719971
3073,1024,solve,1279.935913
3073,1024,solve,1274.752075
3073,1024,solve,1276.895996
3073,1024,solve,1273.312012
3073,1024,solve,1266.944092
3073,1024,solve,1271.391968
3073,1024,solve,651.648010
3073,1024,solve,1258.335938
3073,1024,solve,1269.631958
3073,1024,solve,1270.239990
3073,1024,solve,1268.000000
3073,1024,solve,1268.128052
3073,1024,solve,1262.976074
3073,1024,solve,655.903992
3073,1024,solve,1268.223999
3073,1024,solve,650.943970
3073,1024,solve,1261.312012
3073,1024,solve,650.880005
3073,1024,solve,1265.759888
3073,1024,solve,1272.959961
3073,1024,solve,1264.671997
3073,1024,solve,1265.952026
3073,1024,solve,1912.384033
3073,1024,solve,2567.135986
3073,1024,solve,1269.696045
3073,1024,solve,1760.927979
3073,1024,solve,669.760010
3073,1024,solve,1269.888062
3073,1024,solve,1290.239990
3073,1024,solve,673.664001
3073,1024,solve,1281.888062
3073,1024,solve,1270.560059
3073,1024,solve,647.135986
3073,1024,solve,1259.936035
3073,1024,solve,662.112000
3073,1024,solve,3222.399902
3073,1024,solve,657.760010
3073,1024,solve,1265.472046
3073,1024,solve,650.048035
3073,1024,solve,1783.328003
3073,1024,solve,697.503967
3073,1024,solve,654.880005
3073,1024,solve,1271.167969
3073,1024,solve,655.328003
3073,1024,solve,1283.936035
3073,1024,solve,686.944031
3073,1024,solve,1268.192017
3073,1024,solve,693.055969
3073,1024,solve,1269.024048
3073,1024,solve,2645.728027
3073,1024,solve,668.416016
3073,1024,solve,1261.216064
3073,1024,solve,652.927979
3073,1024,solve,691.744019
3073,1024,solve,1258.751953
3073,1024,solve,1224.895996
3073,1024,solve,1281.119995
3073,1024,solve,701.471985
3073,1024,solve,1265.952026
3073,1024,solve,1263.008057
3073,1024,solve,1267.359985
3073,1024,solve,1261.407959
3073,1024,solve,2562.144043
3073,1024,solve,1398.079956
3073,1024,solve,1259.008057
3073,1024,solve,1257.312012
3073,1024,solve,671.616028
3073,1024,solve,1259.871948
3073,1024,solve,1114.367920
3073,1024,solve,1261.407959
3073,1024,solve,1268.000000
3073,1024,solve,1264.832031
3073,1024,solve,1260.319946
3073,1024,solve,689.248047
3073,1024,solve,1923.167969
3073,1024,solve,1982.687988
3073,1024,solve,1713.696045
3073,1024,solve,1267.007935
3073,1024,solve,1277.696045
3073,1024,solve,1264.479980
3073,1024,solve,654.880005
3073,1024,solve,1263.328003
3073,1024,solve,1262.112061
3073,1024,solve,1255.359985
3073,1024,solve,1260.735962
3073,1024,solve,1269.823975
3073,1024,solve,2548.416016
3073,1024,solve,2500.799805
3073,1024,solve,1266.592041
3073,1024,solve,1287.968018
3073,1024,solve,1197.823975
3073,1024,solve,709.440002
3073,1024,solve,1201.024048
3073,1024,solve,1209.375977
3073,1024,solve,1566.975952
3073,1024,solve,849.023987
3073,1024,solve,1201.696045
3073,1024,solve,3143.520020
3073,1024,solve,1205.088013
3073,1024,solve,1696.000000
3073,1024,solve,668.671997
3073,1024,solve,1202.208008
3073,1024,solve,690.591980
3073,1024,solve,1200.767944
3073,1024,solve,1219.776001
3073,1024,solve,1207.167969
3073,1024,solve,705.343994
3073,1024,solve,690.367981
3073,1024,solve,1196.735962
3073,1024,solve,649.888000
3073,1024,solve,2466.815918
3073,1024,solve,1450.239990
3073,1024,solve,1199.455933
3073,1024,solve,1214.527954
3073,1024,solve,1068.000000
3073,1024,solve,689.119995
3073,1024,solve,1205.536011
3073,1024,solve,663.071960
3073,1024,solve,696.799988
3073,1024,solve,1223.615967
3073,1024,solve,1195.647949
3073,1024,solve,692.223999
3073,1024,solve,654.304016
3073,1024,solve,1197.504028
3073,1024,solve,692.671997
3073,1024,solve,3084.832031
3073,1024,solve,697.023987
3073,1024,solve,690.143982
3073,1024,solve,690.624023
3073,1024,solve,647.968018
3073,1024,solve,1690.400024
3073,1024,solve,1241.248047
3073,1024,solve,1202.751953
3073,1024,solve,1213.439941
3073,1024,solve,687.135986
3073,1024,solve,1198.624023
3073,1024,solve,1220.736084
3073,1024,solve,1198.079956
3073,1024,solve,1351.040039
3073,1024,solve,2503.776123
3073,1024,solve,690.880005
3073,1024,solve,1201.311890
3073,1024,solve,672.128052
3073,1024,solve,1198.560059
3073,1024,solve,1091.871948
3073,1024,solve,1202.624023
3073,1024,solve,1271.711914
3073,1024,solve,1284.767944
3073,1024,solve,1266.559937
3073,1024,solve,1284.000000
3073,1024,solve,689.312012
3073,1024,solve,2537.663818
3073,1024,solve,2023.648071
3073,1024,solve,1264.063965
3073,1024,solve,1261.791992
3073,1024,solve,1266.368042
3073,1024,solve,1700.703979
3073,1024,solve,1291.552002
3073,1024,solve,1268.800049
3073,1024,solve,1275.359985
3073,1024,solve,691.872009
3073,1024,solve,1270.943970
3073,1024,solve,2546.335938
3073,1024,solve,2025.824097
3073,1024,solve,1259.936035
3073,1024,solve,1264.223999
3073,1024,solve,654.944031
3073,1024,solve,1264.864014
3073,1024,solve,1095.199951
3073,1024,solve,1269.279907
3073,1024,solve,1272.703979
3073,1024,solve,1267.072021
3073,1024,solve,1265.439941
3073,1024,solve,2541.919922
3073,1024,solve,2022.527954
3073,1024,solve,1176.447998
3073,1024,solve,696.031982
3073,1024,solve,1271.072021
3073,1024,solve,1273.280029
3073,1024,solve,1266.015991
3073,1024,solve,1267.295898
3073,1024,solve,1273.856079
3073,1024,solve,698.112000
3073,1024,solve,1267.776001
3073,1024,solve,1259.936035
3073,1024,solve,1295.776001
3073,1024,solve,1961.504028
3073,1024,solve,1269.088013
3073,1024,solve,654.463989
3073,1024,solve,1759.520020
3073,1024,solve,1268.991943
3073,1024,solve,1266.944092
3073,1024,solve,1264.736084
3073,1024,solve,656.159973
3073,1024,solve,1261.791992
3073,1024,solve,1258.463989
3073,1024,solve,1284.640015
3073,1024,solve,648.671997
3073,1024,solve,2534.528076
3073,1024,solve,1400.000000
3073,1024,solve,1262.112061
3073,1024,solve,1748.415894
3073,1024,solve,652.671997
3073,1024,solve,1261.599976
3073,1024,solve,1260.511963
3073,1024,solve,1262.079956
3073,1024,solve,671.455994
3073,1024,solve,1256.255981
3073,1024,solve,1260.640015
3073,1024,solve,1294.271973
3073,1024,solve,1296.735962
3073,1024,solve,1286.847900
3073,1024,solve,1261.312012
3073,1024,solve,1258.559937
3073,1024,solve,1259.167969
3073,1024,solve,690.463989
3073,1024,solve,1270.880005
3073,1024,solve,1258.944092
3073,1024,solve,1261.504028
3073,1024,solve,1267.072021
3073,1024,solve,1264.799927
3073,1024,solve,1901.023926
3073,1024,solve,2558.016113
3073,1024,solve,1691.135986
3073,1024,solve,1268.447998
3073,1024,solve,1203.807983
3073,1024,solve,1200.223999
3073,1024,solve,1202.047974
3073,1024,solve,1204.160034
3073,1024,solve,1202.592041
3073,1024,solve,1198.015991
3073,1024,solve,1838.752075
3073,1024,solve,2503.520020
3073,1024,solve,706.656006
3073,1024,solve,1204.607910
3073,1024,solve,1609.343994
3073,1024,solve,1202.463989
3073,1024,solve,1201.439941
3073,1024,solve,1201.408081
3073,1024,solve,660.895996
3073,1024,solve,1209.823975
3073,1024,solve,1196.927979
3073,1024,solve,1220.576050
3073,1024,solve,3084.511963
3073,1024,solve,1203.295898
3073,1024,solve,1199.488037
3073,1024,solve,689.279968
3073,1024,solve,1694.175903
3073,1024,solve,1230.239990
3073,1024,solve,1564.095947
3073,1024,solve,856.416016
3073,1024,solve,1210.080078
3073,1024,solve,690.432007
3073,1024,solve,660.704041
3073,1024,solve,1212.511963
3073,1024,solve,667.296021
3073,1024,solve,3069.600098
3073,1024,solve,1207.104004
3073,1024,solve,691.936035
3073,1024,solve,1198.783936
3073,1024,solve,691.424011
3073,1024,solve,1703.359985
3073,1024,solve,696.416016
3073,1024,solve,694.335999
3073,1024,solve,1204.767944
3073,1024,solve,694.848022
3073,1024,solve,1203.232056
3073,1024,solve,1199.072021
3073,1024,solve,1276.255981
3073,1024,solve,1932.288086
3073,1024,solve,2012.288086
3073,1024,solve,652.223999
3073,1024,solve,1271.135986
3073,1024,solve,1289.536011
3073,1024,solve,930.176025
3073,1024,solve,1394.463989
3073,1024,solve,1757.087891
3073,1024,solve,1282.271973
3073,1024,solve,694.400024
3073,1024,solve,1582.079956
3073,1024,solve,691.424011
3073,1024,solve,1909.823975
3073,1024,solve,3087.456055
3073,1024,solve,1273.216064
3073,1024,solve,692.671997
3073,1024,solve,1268.704102
3073,1024,solve,1268.223999
3073,1024,solve,1268.800049
3073,1024,solve,697.408020
3073,1024,solve,1276.640015
3073,1024,solve,696.959961
3073,1024,solve,1267.231934
3073,1024,solve,688.607971
3073,1024,solve,3154.687988
3073,1024,solve,1268.416016
3073,1024,solve,684.544006
3073,1024,solve,1761.855957
3073,1024,solve,693.216003
3073,1024,solve,693.728027
3073,1024,solve,1272.864014
3073,1024,solve,709.151978
3073,1024,solve,1272.447998
3073,1024,solve,1266.111938
3073,1024,solve,1270.336060
3073,1024,solve,1269.312012
3073,1024,solve,1318.976074
3073,1024,solve,2000.832031
3073,1024,solve,1269.119995
3073,1024,solve,1264.384033
3073,1024,solve,1774.656006
3073,1024,solve,695.295959
3073,1024,solve,1270.303955
3073,1024,solve,696.416016
3073,1024,solve,1272.640015
3073,1024,solve,1266.944092
3073,1024,solve,1264.287964
3073,1024,solve,706.335999
3073,1024,solve,1274.911987
3073,1024,solve,2535.840088
3073,1024,solve,2013.375977
3073,1024,solve,688.607971
3073,1024,solve,684.032043
3073,1024,solve,1260.895996
3073,1024,solve,1103.104004
3073,1024,solve,1265.856079
3073,1024,solve,648.639954
3073,1024,solve,695.648010
3073,1024,solve,1260.992065
3073,1024,solve,653.343994
3073,1024,solve,724.640015
3073,1024,solve,700.832031
3073,1024,solve,1254.367920
3073,1024,solve,1326.656006
3073,1024,solve,1988.127930
3073,1024,solve,665.536011
3073,1024,solve,1262.752075
3073,1024,solve,1263.135986
3073,1024,solve,670.624023
3073,1024,solve,1757.696045
3073,1024,solve,655.744019
3073,1024,solve,1263.520020
3073,1024,solve,1266.624023
3073,1024,solve,655.359985
3073,1024,solve,1263.872070
3073,1024,solve,681.056030
3073,1024,solve,654.687988
3073,1024,solve,708.064026
3073,1024,solve,1336.128052
3073,1024,solve,1955.199951
3073,1024,solve,1264.799927
3073,1024,solve,653.216003
3073,1024,solve,692.096008
3073,1024,solve,655.296021
3073,1024,solve,1257.696045
3073,1024,solve,1770.495972
3073,1024,solve,1276.927979
3073,1024,solve,1269.376099
3073,1024,solve,1262.400024
3073,1024,solve,1261.343994
3073,1024,solve,2541.215820
3073,1024,solve,2000.927979
3073,1024,solve,1750.751953
3073,1024,solve,1269.984009
3073,1024,solve,657.760010
3073,1024,solve,693.408020
3073,1024,solve,695.583984
3073,1024,solve,688.768005
3073,1024,solve,704.479980
3073,1024,solve,1267.168091
3073,1024,solve,694.143982
3073,1024,solve,1260.671997
3073,1024,solve,666.719971
3073,1024,solve,1267.488037
3073,1024,solve,2538.048096
3073,1024,solve,1411.455933
3073,1024,solve,1273.023926
3073,1024,solve,1786.592041
3073,1024,solve,658.432007
3073,1024,solve,1264.255981
3073,1024,solve,658.783997
3073,1024,solve,1278.848022
3073,1024,solve,1260.447998
3073,1024,solve,1197.728027
3073,1024,solve,1203.199951
3073,1024,solve,2472.991943
3073,1024,solve,1456.416016
3073,1024,solve,1204.031982
3073,1024,solve,690.783997
3073,1024,solve,1196.640015
3073,1024,solve,1177.920044
3073,1024,solve,1204.928101
3073,1024,solve,1203.904053
3073,1024,solve,1205.216064
3073,1024,solve,1197.599976
3073,1024,solve,1212.928101
3073,1024,solve,1197.440063
3073,1024,solve,1846.143921
3073,1024,solve,2499.936035
3073,1024,solve,1202.911987
3073,1024,solve,1211.264038
3073,1024,solve,1197.631958
3073,1024,solve,1695.711914
3073,1024,solve,1212.864014
3073,1024,solve,1202.176025
3073,1024,solve,1203.776001
3073,1024,solve,1209.696045
3073,1024,solve,1201.632080
3073,1024,solve,1843.935913
3073,1024,solve,2492.000000
3073,1024,solve,694.656006
3073,1024,solve,1568.127930
3073,1024,solve,1370.175903
3073,1024,solve,695.168030
3073,1024,solve,1713.664062
3073,1024,solve,704.544006
3073,1024,solve,695.039978
3073,1024,solve,1208.031982
3073,1024,solve,695.583984
3073,1024,solve,1203.488037
3073,1024,solve,694.559998
3073,1024,solve,1298.271973
3073,1024,solve,2503.231934
3073,1024,solve,1695.584106
3073,1024,solve,695.007996
3073,1024,solve,1200.671997
3073,1024,solve,697.376038
3073,1024,solve,1268.767944
3073,1024,solve,1267.199951
3073,1024,solve,1261.823975
3073,1024,solve,1269.664062
3073,1024,solve,1274.559937
3073,1024,solve,1332.223999
3073,1024,solve,2571.487793
3073,1024,solve,1268.608032
3073,1024,solve,697.216003
3073,1024,solve,647.135986
3073,1024,solve,1889.503906
3073,1024,solve,1275.871948
3073,1024,solve,657.791992
3073,1024,solve,1273.887939
3073,1024,solve,1264.479980
3073,1024,solve,653.408020
3073,1024,solve,1273.504028
3073,1024,solve,651.200012
3073,1024,solve,2568.671875
3073,1024,solve,691.903992
3073,1024,solve,1265.952026
3073,1024,solve,1287.008057
3073,1024,solve,1263.488037
3073,1024,solve,710.720032
3073,1024,solve,1715.680054
3073,1024,solve,1271.744019
3073,1024,solve,674.080017
3073,1024,solve,694.176025
3073,1024,solve,1289.216064
3073,1024,solve,705.824036
3073,1024,solve,1901.343994
3073,1024,solve,2564.991943
3073,1024,solve,1759.040039
3073,1024,solve,714.656006
3073,1024,solve,1270.432007
3073,1024,solve,1271.424072
3073,1024,solve,1265.759888
3073,1024,solve,692.736023
3073,1024,solve,1272.735962
3073,1024,solve,1263.455933
3073,1024,solve,1261.760010
3073,1024,solve,1296.384033
3073,1024,solve,3203.968018
3073,1024,solve,1457.119995
3073,1024,solve,1720.608032
3073,1024,solve,1265.472046
3073,1024,solve,1264.096069
3073,1024,solve,1265.856079
3073,1024,solve,1500.991943
3073,1024,solve,656.159973
3073,1024,solve,1265.184082
3073,1024,solve,1282.495972
3073,1024,solve,1915.423950
3073,1024,solve,2560.832031
3073,1024,solve,677.536011
3073,1024,solve,695.936035
3073,1024,solve,1178.911987
3073,1024,solve,691.455994
3073,1024,solve,662.112000
3073,1024,solve,695.359985
3073,1024,solve,1289.248047
3073,1024,solve,698.528015
3073,1024,solve,1260.800049
3073,1024,solve,1262.624023
3073,1024,solve,1258.272095
3073,1024,solve,696.000000
3073,1024,solve,1313.760010
3073,1024,solve,1994.784058
3073,1024,solve,1258.463989
3073,1024,solve,1256.127930
3073,1024,solve,1255.455933
3073,1024,solve,1749.504028
3073,1024,solve,653.760010
3073,1024,solve,1265.567993
3073,1024,solve,1282.495972
3073,1024,solve,690.624023
3073,1024,solve,1259.423950
3073,1024,solve,1258.720093
3073,1024,solve,1894.208008
3073,1024,solve,2564.192139
3073,1024,solve,689.023987
3073,1024,solve,1258.272095
3073,1024,solve,1255.744019
3073,1024,solve,1770.815918
3073,1024,solve,1266.751953
3073,1024,solve,693.055969
3073,1024,solve,1264.511963
3073,1024,solve,666.783997
3073,1024,solve,1260.704102
3073,1024,solve,1261.823975
3073,1024,solve,1895.968018
3073,1024,solve,2560.416016
3073,1024,solve,649.440002
3073,1024,solve,649.791992
3073,1024,solve,1257.855957
3073,1024,solve,688.704041
3073,1024,solve,687.552002
3073,1024,solve,1719.007935
3073,1024,solve,1220.895996
3073,1024,solve,1205.984009
3073,1024,solve,1221.375977
3073,1024,solve,1202.624023
3073,1024,solve,1851.104004
3073,1024,solve,1984.959961
3073,1024,solve,656.768005
3073,1024,solve,1695.135986
3073,1024,solve,1205.567993
3073,1024,solve,1202.400024
3073,1024,solve,654.560059
3073,1024,solve,657.151978
3073,1024,solve,700.768005
3073,1024,solve,654.976013
3073,1024,solve,1209.023926
3073,1024,solve,1197.056030
3073,1024,solve,650.048035
3073,1024,solve,690.143982
3073,1024,solve,703.487976
3073,1024,solve,1835.104004
3073,1024,solve,1989.728027
3073,1024,solve,649.247986
3073,1024,solve,1199.455933
3073,1024,solve,1184.864014
3073,1024,solve,1212.608032
3073,1024,solve,667.168030
3073,1024,solve,1203.871948
3073,1024,solve,691.328003
3073,1024,solve,1206.527954
3073,1024,solve,689.919983
3073,1024,solve,1196.479980
3073,1024,solve,651.648010
3073,1024,solve,692.127991
3073,1024,solve,1233.823975
3073,1024,solve,1378.111938
3073,1024,solve,1958.239990
3073,1024,solve,692.160034
3073,1024,solve,1197.504028
3073,1024,solve,684.895996
3073,1024,solve,1137.504028
3073,1024,solve,708.736023
3073,1024,solve,698.848022
3073,1024,solve,667.296021
3073,1024,solve,1199.455933
3073,1024,solve,1201.504028
3073,1024,solve,1230.592041
3073,1024,solve,650.559998
3073,1024,solve,1196.032104
3073,1024,solve,649.567993
3073,1024,solve,1827.328003
3073,1024,solve,1994.848022
3073,1024,solve,686.720032
3073,1024,solve,1751.232056
3073,1024,solve,687.679993
3073,1024,solve,1720.895996
3073,1024,solve,1203.456055
3073,1024,solve,1214.400024
3073,1024,solve,697.376038
3073,1024,solve,692.736023
3073,1024,solve,703.711975
3073,1024,solve,1207.712036
3073,1024,solve,688.351990
3073,1024,solve,1207.648071
3073,1024,solve,2503.743896
3073,1024,solve,1446.208008
3073,1024,solve,1269.215942
3073,1024,solve,690.687988
3073,1024,solve,1269.440063
3073,1024,solve,1764.063965
3073,1024,solve,1274.656006
3073,1024,solve,1272.640015
3073,1024,solve,692.799988
3073,1024,solve,1270.176025
3073,1024,solve,654.208008
3073,1024,solve,1284.927979
3073,1024,solve,1908.383911
3073,1024,solve,1989.504028
3073,1024,solve,654.335999
3073,1024,solve,1285.567993
3073,1024,solve,651.584045
3073,1024,solve,661.023987
3073,1024,solve,651.200012
3073,1024,solve,690.752014
3073,1024,solve,1195.072021
3073,1024,solve,1269.088013
3073,1024,solve,696.416016
3073,1024,solve,692.511963
3073,1024,solve,1282.015991
3073,1024,solve,695.231995
3073,1024,solve,1266.271973
3073,1024,solve,711.488037
3073,1024,solve,1331.264038
3073,1024,solve,2572.128174
3073,1024,solve,1110.079956
3073,1024,solve,706.048035
3073,1024,solve,652.064026
3073,1024,solve,652.383972
3073,1024,solve,688.127991
3073,1024,solve,1271.424072
3073,1024,solve,666.367981
3073,1024,solve,1266.559937
3073,1024,solve,691.104004
3073,1024,solve,1267.743896
3073,1024,solve,694.239990
3073,1024,solve,696.992004
3073,1024,solve,1925.760010
3073,1024,solve,1990.623901
3073,1024,solve,1269.664062
3073,1024,solve,1769.888062
3073,1024,solve,713.343994
3073,1024,solve,653.919983
3073,1024,solve,1270.079956
3073,1024,solve,692.768005
3073,1024,solve,1285.823975
3073,1024,solve,705.631958
3073,1024,solve,1261.536011
3073,1024,solve,1272.384033
3073,1024,solve,686.880005
3073,1024,solve,691.135986
3073,1024,solve,1326.336060
3073,1024,solve,2002.815918
3073,1024,solve,1267.743896
3073,1024,solve,691.679993
3073,1024,solve,1265.023926
3073,1024,solve,1108.319946
3073,1024,solve,694.239990
3073,1024,solve,657.632019
3073,1024,solve,1278.495972
3073,1024,solve,666.112000
3073,1024,solve,1272.031982
3073,1024,solve,652.576050
3073,1024,solve,650.943970
3073,1024,solve,655.583984
3073,1024,solve,1268.991943
3073,1024,solve,1902.656006
3073,1024,solve,1981.056030
3073,1024,solve,1273.856079
3073,1024,solve,702.335999
3073,1024,solve,652.863953
3073,1024,solve,647.520020
3073,1024,solve,1086.784058
3073,1024,solve,660.960022
3073,1024,solve,695.007996
3073,1024,solve,653.631958
3073,1024,solve,661.440002
3073,1024,solve,1270.719971
3073,1024,solve,695.456055
3073,1024,solve,697.695984
3073,1024,solve,1269.503906
3073,1024,solve,653.056030
3073,1024,solve,1264.927979
3073,1024,solve,3165.023926
3073,1024,solve,714.335999
3073,1024,solve,689.664001
3073,1024,solve,1265.823975
3073,1024,solve,686.112000
3073,1024,solve,1175.871948
3073,1024,solve,1284.160034
3073,1024,solve,697.727966
3073,1024,solve,695.648010
3073,1024,solve,658.335999
3073,1024,solve,1262.176025
3073,1024,solve,710.911987
3073,1024,solve,1261.312012
3073,1024,solve,686.400024
3073,1024,solve,1919.391968
3073,1024,solve,1993.440063
3073,1024,solve,687.615967
3073,1024,solve,687.552002
3073,1024,solve,1261.984009
3073,1024,solve,667.807983
3073,1024,solve,693.759949
3073,1024,solve,1748.767944
3073,1024,solve,661.119995
3073,1024,solve,1267.519897
3073,1024,solve,672.799988
3073,1024,solve,699.231995
3073,1024,solve,1260.095947
3073,1024,solve,1273.088013
3073,1024,solve,2588.479980
3073,1024,solve,704.639954
3073,1024,solve,1756.223999
3073,1024,solve,1264.703979
3073,1024,solve,660.511963
3073,1024,solve,1264.384033
3073,1024,solve,695.263977
3073,1024,solve,661.567993
3073,1024,solve,1273.760010
3073,1024,solve,1262.143921
3073,1024,solve,653.440002
3073,1024,solve,1269.055908
3073,1024,solve,688.256042
3073,1024,solve,657.216003
3073,1024,solve,1311.135986
3073,1024,solve,3742.528076
3073,1024,solve,1152.511963
3073,1024,solve,662.751953
3073,1024,solve,1262.848022
3073,1024,solve,664.192017
3073,1024,solve,1261.472046
3073,1024,solve,650.559998
3073,1024,solve,652.032043
3073,1024,solve,1254.624023
3073,1024,solve,652.320007
3073,1024,solve,659.552002
3073,1024,solve,1259.680054
3073,1024,solve,1266.848022
3073,1024,solve,3157.439941
3073,1024,solve,657.248047
3073,1024,solve,667.039978
3073,1024,solve,655.135986
3073,1024,solve,1755.231934
3073,1024,solve,656.000000
3073,1024,solve,1280.927979
3073,1024,solve,705.151978
3073,1024,solve,1261.407959
3073,1024,solve,686.239990
3073,1024,solve,696.255981
3073,1024,solve,694.527954
3073,1024,solve,690.591980
3073,1024,solve,684.960022
3073,1024,solve,1283.167969
3073,1024,solve,691.616028
3073,1024,solve,1263.648071
3073,1024,solve,1259.615967
3073,1024,solve,712.127991
3073,1024,solve,1260.831909
3073,1024,solve,687.712036
3073,1024,solve,685.536011
3073,1024,solve,1199.424072
3073,1024,solve,1205.216064
3073,1024,solve,691.616028
3073,1024,solve,698.304016
3073,1024,solve,1201.984009
3073,1024,solve,692.991943
3073,1024,solve,1198.400024
3073,1024,solve,1036.223999
3073,1024,solve,2660.288086
3073,1024,solve,1475.520020
3073,1024,solve,1201.151978
3073,1024,solve,1201.151978
3073,1024,solve,692.864014
3073,1024,solve,699.424011
3073,1024,solve,691.359985
3073,1024,solve,1241.760010
3073,1024,solve,1202.496094
3073,1024,solve,709.280029
3073,1024,solve,690.080017
3073,1024,solve,692.447998
3073,1024,solve,695.168030
3073,1024,solve,1199.072021
3073,1024,solve,693.472046
3073,1024,solve,699.583984
3073,1024,solve,732.384033
3073,1024,solve,1214.368042
3073,1024,solve,690.143982
3073,1024,solve,684.960022
3073,1024,solve,1201.215942
3073,1024,solve,691.359985
3073,1024,solve,652.223999
3073,1024,solve,689.952026
3073,1024,solve,703.328003
3073,1024,solve,1197.504028
3073,1024,solve,705.631958
3073,1024,solve,690.527954
3073,1024,solve,1198.815918
3073,1024,solve,1205.888062
3073,1024,solve,703.231995
3073,1024,solve,1199.488037
3073,1024,solve,1324.480103
3073,1024,solve,2501.503906
3073,1024,solve,656.575989
3073,1024,solve,745.888000
3073,1024,solve,1728.575928
3073,1024,solve,696.384033
3073,1024,solve,660.096008
3073,1024,solve,653.056030
3073,1024,solve,654.399963
3073,1024,solve,662.527954
3073,1024,solve,1203.936035
3073,1024,solve,692.287964
3073,1024,solve,1212.095947
3073,1024,solve,696.063965
3073,1024,solve,687.104004
3073,1024,solve,1212.352051
3073,1024,solve,718.591980
3073,1024,solve,686.143982
3073,1024,solve,689.888000
3073,1024,solve,689.408020
3073,1024,solve,692.671997
3073,1024,solve,689.984009
3073,1024,solve,646.368042
3073,1024,solve,648.544006
3073,1024,solve,1206.176025
3073,1024,solve,694.880005
3073,1024,solve,696.320007
3073,1024,solve,692.928040
3073,1024,solve,1198.495972
3073,1024,solve,694.591980
3073,1024,solve,706.143982
3073,1024,solve,1236.960083
3073,1024,solve,720.704041
3073,1024,solve,711.328003
3073,1024,solve,689.248047
3073,1024,solve,1360.384033
3073,1024,solve,1967.328003
3073,1024,solve,1204.352051
3073,1024,solve,686.016052
3073,1024,solve,650.656006
3073,1024,solve,690.656006
3073,1024,solve,697.184021
3073,1024,solve,1909.695923
3073,1024,solve,721.984009
3073,1024,solve,664.960022
3073,1024,solve,692.895996
3073,1024,solve,692.063965
3073,1024,solve,1726.143921
3073,1024,solve,656.703979
3073,1024,solve,701.471985
3073,1024,solve,704.352051
3073,1024,solve,1374.880005
3073,1024,solve,2221.664062
3073,1024,solve,1203.968018
3073,1024,solve,701.056030
3073,1024,solve,712.927979
3073,1024,solve,655.424011
3073,1024,solve,1205.183960
3073,1024,solve,1295.040039
3073,1024,solve,659.295959
3073,1024,solve,1202.463989
3073,1024,solve,661.599976
3073,1024,solve,698.080017
3073,1024,solve,695.200012
3073,1024,solve,1197.151978
3073,1024,solve,660.416016
3073,1024,solve,695.424011
3073,1024,solve,650.304016
3073,1024,solve,1195.232056
3073,1024,solve,695.007996
3073,1024,solve,688.992004
3073,1024,solve,689.440002
3073,1024,solve,684.383972
3073,1024,solve,691.616028
3073,1024,solve,690.527954
3073,1024,solve,689.984009
3073,1024,solve,711.808044
3073,1024,solve,690.527954
3073,1024,solve,1264.991943
3073,1024,solve,705.343994
3073,1024,solve,689.695984
3073,1024,solve,689.184021
3073,1024,solve,688.512024
3073,1024,solve,696.735962
3073,1024,solve,687.968018
3073,1024,solve,1902.143921
3073,1024,solve,1971.936035
3073,1024,solve,653.984009
3073,1024,solve,686.815979
3073,1024,solve,692.287964
3073,1024,solve,1185.215942
3073,1024,solve,1282.752075
3073,1024,solve,698.207947
3073,1024,solve,697.471985
3073,1024,solve,656.671997
3073,1024,solve,688.864014
3073,1024,solve,713.375977
3073,1024,solve,686.367981
3073,1024,solve,687.872009
3073,1024,solve,707.328003
3073,1024,solve,650.463989
3073,1024,solve,1274.015991
3073,1024,solve,671.359985
3073,1024,solve,652.703979
3073,1024,solve,692.799988
3073,1024,solve,693.472046
3073,1024,solve,709.855957
3073,1024,solve,654.687988
3073,1024,solve,693.503967
3073,1024,solve,685.216003
3073,1024,solve,708.288025
3073,1024,solve,691.552002
3073,1024,solve,695.519958
3073,1024,solve,706.495972
3073,1024,solve,649.888000
3073,1024,solve,649.056030
3073,1024,solve,645.664001
3073,1024,solve,651.839966
3073,1024,solve,653.087952
3073,1024,solve,692.544006
3073,1024,solve,683.200012
3073,1024,solve,1260.607910
3073,1024,solve,1315.040039
3073,1024,solve,1981.024048
3073,1024,solve,695.392029
3073,1024,solve,1122.624023
3073,1024,solve,1269.567993
3073,1024,solve,694.239990
3073,1024,solve,689.023987
3073,1024,solve,690.015991
3073,1024,solve,656.575989
3073,1024,solve,658.047974
3073,1024,solve,691.583984
3073,1024,solve,1266.656006
3073,1024,solve,688.416016
3073,1024,solve,657.471985
3073,1024,solve,668.575989
3073,1024,solve,655.872009
3073,1024,solve,687.391968
3073,1024,solve,715.040039
3073,1024,solve,3218.656006
3073,1024,solve,711.583984
3073,1024,solve,671.392029
3073,1024,solve,1117.599976
3073,1024,solve,707.135986
3073,1024,solve,657.343994
3073,1024,solve,694.495972
3073,1024,solve,693.184021
3073,1024,solve,1268.000000
3073,1024,solve,662.367981
3073,1024,solve,688.607971
3073,1024,solve,688.000000
3073,1024,solve,692.704041
3073,1024,solve,694.143982
3073,1024,solve,711.359985
3073,1024,solve,686.656006
3073,1024,solve,689.823975
3073,1024,solve,699.168030
3073,1024,solve,2606.944092
3073,1024,solve,652.064026
3073,1024,solve,689.567993
3073,1024,solve,653.247986
3073,1024,solve,1153.088013
3073,1024,solve,699.328003
3073,1024,solve,655.424011
3073,1024,solve,1270.176025
3073,1024,solve,656.671997
3073,1024,solve,692.096008
3073,1024,solve,691.712036
3073,1024,solve,1266.816040
3073,1024,solve,1266.656006
3073,1024,solve,705.824036
3073,1024,solve,688.575989
3073,1024,solve,653.375977
3073,1024,solve,1908.383911
3073,1024,solve,1962.239990
3073,1024,solve,692.287964
3073,1024,solve,690.976013
3073,1024,solve,683.104004
3073,1024,solve,1153.343994
3073,1024,solve,655.328003
3073,1024,solve,1263.903931
3073,1024,solve,689.248047
3073,1024,solve,654.528015
3073,1024,solve,694.080017
3073,1024,solve,654.944031
3073,1024,solve,693.856018
3073,1024,solve,657.311951
3073,1024,solve,702.655945
3073,1024,solve,1006.112000
3073,1024,solve,1432.640015
3073,1024,solve,1410.176025
3073,1024,solve,1995.552002
3073,1024,solve,704.703979
3073,1024,solve,652.640015
3073,1024,solve,653.919983
3073,1024,solve,714.687988
3073,1024,solve,659.039978
3073,1024,solve,1203.232056
3073,1024,solve,697.695984
3073,1024,solve,704.768005
3073,1024,solve,694.944031
3073,1024,solve,699.455994
3073,1024,solve,1279.072021
3073,1024,solve,693.920044
3073,1024,solve,690.303955
3073,1024,solve,693.119995
3073,1024,solve,652.927979
3073,1024,solve,696.351990
3073,1024,solve,1287.264038
3073,1024,solve,1980.352051
3073,1024,solve,646.976013
3073,1024,solve,649.760010
3073,1024,solve,1265.728027
3073,1024,solve,688.287964
3073,1024,solve,691.648010
3073,1024,solve,648.031982
3073,1024,solve,1085.823975
3073,1024,solve,653.695984
3073,1024,solve,1284.479980
3073,1024,solve,725.376038
3073,1024,solve,689.055969
3073,1024,solve,671.616028
3073,1024,solve,650.752014
3073,1024,solve,649.280029
3073,1024,solve,685.216003
3073,1024,solve,1272.031982
3073,1024,solve,2664.352051
3073,1024,solve,659.135986
3073,1024,solve,689.119995
3073,1024,solve,694.335999
3073,1024,solve,719.071960
3073,1024,solve,691.488037
3073,1024,solve,648.096008
3073,1024,solve,1267.007935
3073,1024,solve,1222.079956
3073,1024,solve,701.791992
3073,1024,solve,689.472046
3073,1024,solve,707.935974
3073,1024,solve,699.231995
3073,1024,solve,693.983948
3073,1024,solve,652.159973
3073,1024,solve,1269.183960
3073,1024,solve,711.167969
3073,1024,solve,1324.287964
3073,1024,solve,1947.263916
3073,1024,solve,1178.719971
3073,1024,solve,654.432007
3073,1024,solve,697.695984
3073,1024,solve,666.495972
3073,1024,solve,698.271973
3073,1024,solve,694.464050
3073,1024,solve,706.528015
3073,1024,solve,705.343994
3073,1024,solve,687.648010
3073,1024,solve,1263.039917
3073,1024,solve,705.600037
3073,1024,solve,693.088013
3073,1024,solve,685.823975
3073,1024,solve,685.536011
3073,1024,solve,1285.343994
3073,1024,solve,645.280029
3073,1024,solve,1335.008057
3073,1024,solve,1983.167969
3073,1024,solve,687.039978
3073,1024,solve,1248.288086
3073,1024,solve,657.504028
3073,1024,solve,1276.255981
3073,1024,solve,714.367981
3073,1024,solve,691.424011
3073,1024,solve,689.184021
3073,1024,solve,653.343994
3073,1024,solve,659.903992
3073,1024,solve,684.895996
3073,1024,solve,654.048035
3073,1024,solve,1266.400024
3073,1024,solve,668.192017
3073,1024,solve,687.039978
3073,1024,solve,665.888000
3073,1024,solve,651.839966
3073,1024,solve,1308.416016
3073,1024,solve,1973.055908
3073,1024,solve,654.112000
3073,1024,solve,687.359985
3073,1024,solve,1128.223999
3073,1024,solve,711.231995
3073,1024,solve,1285.696045
3073,1024,solve,695.967957
3073,1024,solve,693.856018
3073,1024,solve,664.992004
3073,1024,solve,652.447998
3073,1024,solve,653.984009
3073,1024,solve,651.391968
3073,1024,solve,658.624023
3073,1024,solve,1265.791992
3073,1024,solve,651.167969
3073,1024,solve,684.383972
3073,1024,solve,650.175964
3073,1024,solve,1279.232056
3073,1024,solve,1974.751953
3073,1024,solve,689.279968
3073,1024,solve,685.311951
3073,1024,solve,684.192017
3073,1024,solve,1756.991943
3073,1024,solve,691.488037
3073,1024,solve,689.888000
3073,1024,solve,691.039978
3073,1024,solve,654.976013
3073,1024,solve,699.231995
3073,1024,solve,690.367981
3073,1024,solve,671.487976
3073,1024,solve,663.392029
3073,1024,solve,688.575989
3073,1024,solve,707.647949
3073,1024,solve,688.320007
3073,1024,solve,655.200012
3073,1024,solve,711.072021
3073,1024,solve,701.119995
3073,1024,solve,691.648010
3073,1024,solve,656.864014
3073,1024,solve,650.399963
3073,1024,solve,652.159973
3073,1024,solve,685.664001
3073,1024,solve,691.168030
3073,1024,solve,1266.176025
3073,1024,solve,648.288025
3073,1024,solve,661.375977
3073,1024,solve,690.591980
3073,1024,solve,671.263977
3073,1024,solve,703.744019
3073,1024,solve,650.752014
3073,1024,solve,693.696045
3073,1024,solve,647.744019
3073,1024,solve,653.024048
3073,1024,solve,654.432007
3073,1024,solve,687.552002
3073,1024,solve,1312.512085
3073,1024,solve,2566.463867
3073,1024,solve,1108.223999
3073,1024,solve,688.480042
3073,1024,solve,691.839966
3073,1024,solve,670.271973
3073,1024,solve,691.328003
3073,1024,solve,691.616028
3073,1024,solve,658.911987
3073,1024,solve,647.424011
3073,1024,solve,684.383972
3073,1024,solve,686.335999
3073,1024,solve,704.864014
3073,1024,solve,687.135986
3073,1024,solve,685.087952
3073,1024,solve,653.888000
3073,1024,solve,685.664001
3073,1024,solve,659.519958
3073,1024,solve,1340.671997
3073,1024,solve,1962.623901
3073,1024,solve,691.295959
3073,1024,solve,669.888000
3073,1024,solve,1194.015991
3073,1024,solve,657.567993
3073,1024,solve,1267.359985
3073,1024,solve,696.223999
3073,1024,solve,661.503967
3073,1024,solve,688.447998
3073,1024,solve,674.880005
3073,1024,solve,684.895996
3073,1024,solve,690.143982
3073,1024,solve,690.624023
3073,1024,solve,687.552002
3073,1024,solve,671.296021
3073,1024,solve,651.328003
3073,1024,solve,1279.839966
3073,1024,solve,1963.488037
3073,1024,solve,687.264038
3073,1024,solve,654.399963
3073,1024,solve,651.296021
3073,1024,solve,672.864014
3073,1024,solve,693.759949
3073,1024,solve,1147.904053
3073,1024,solve,698.015991
3073,1024,solve,692.351990
3073,1024,solve,657.119995
3073,1024,solve,693.023987
3073,1024,solve,687.968018
3073,1024,solve,669.888000
3073,1024,solve,649.824036
3073,1024,solve,690.176025
3073,1024,solve,690.400024
3073,1024,solve,650.112000
3073,1024,solve,688.127991
3073,1024,solve,689.312012
3073,1024,solve,1879.807983
3073,1024,solve,1431.072021
3073,1024,solve,708.671997
3073,1024,solve,684.831970
3073,1024,solve,682.656006
3073,1024,solve,654.944031
3073,1024,solve,658.911987
3073,1024,solve,1757.056030
3073,1024,solve,58.240002
3073,1024,checkDegeneracy,42.495998
2049,1024,costsVector,39.200001
2049,1024,gauss2,104.096001
2049,1024,solve,636.544006
2049,1024,solve,620.223999
2049,1024,solve,648.512024
2049,1024,solve,898.367981
2049,1024,solve,657.280029
2049,1024,solve,647.744019
2049,1024,solve,647.072021
2049,1024,solve,647.808044
2049,1024,solve,1307.807983
2049,1024,solve,2186.176025
2049,1024,solve,678.943970
2049,1024,solve,610.783997
2049,1024,solve,663.583984
2049,1024,solve,633.791992
2049,1024,solve,652.127991
2049,1024,solve,650.080017
2049,1024,solve,649.312012
2049,1024,solve,1077.791992
2049,1024,solve,617.407959
2049,1024,solve,995.039978
2049,1024,solve,813.503967
2049,1024,solve,663.872009
2049,1024,solve,657.535950
2049,1024,solve,667.135986
2049,1024,solve,617.504028
2049,1024,solve,624.895996
2049,1024,solve,647.903992
2049,1024,solve,629.343994
2049,1024,solve,1251.552002
2049,1024,solve,2065.696045
2049,1024,solve,668.416016
2049,1024,solve,614.239990
2049,1024,solve,607.072021
2049,1024,solve,610.656006
2049,1024,solve,643.679993
2049,1024,solve,660.416016
2049,1024,solve,669.984009
2049,1024,solve,621.184021
2049,1024,solve,1133.695923
2049,1024,solve,617.407959
2049,1024,solve,617.440002
2049,1024,solve,650.559998
2049,1024,solve,612.447998
2049,1024,solve,614.432007
2049,1024,solve,615.231995
2049,1024,solve,653.343994
2049,1024,solve,647.711975
2049,1024,solve,626.239990
2049,1024,solve,1225.728027
2049,1024,solve,1954.656006
2049,1024,solve,625.984009
2049,1024,solve,644.384033
2049,1024,solve,1196.768066
2049,1024,solve,650.272034
2049,1024,solve,616.447998
2049,1024,solve,616.671997
2049,1024,solve,651.903992
2049,1024,solve,651.808044
2049,1024,solve,647.552002
2049,1024,solve,644.320007
2049,1024,solve,644.927979
2049,1024,solve,659.168030
2049,1024,solve,644.768005
2049,1024,solve,611.231995
2049,1024,solve,607.807983
2049,1024,solve,646.272034
2049,1024,solve,620.064026
2049,1024,solve,644.575989
2049,1024,solve,648.576050
2049,1024,solve,1239.040039
2049,1024,solve,1930.719971
2049,1024,solve,613.376038
2049,1024,solve,612.000000
2049,1024,solve,622.847961
2049,1024,solve,1182.176025
2049,1024,solve,648.992004
2049,1024,solve,611.648010
2049,1024,solve,652.576050
2049,1024,solve,630.016052
2049,1024,solve,612.031982
2049,1024,solve,612.959961
2049,1024,solve,607.296021
2049,1024,solve,611.072021
2049,1024,solve,604.575989
2049,1024,solve,610.271973
2049,1024,solve,608.703979
2049,1024,solve,641.376038
2049,1024,solve,612.768005
2049,1024,solve,618.623962
2049,1024,solve,606.080017
2049,1024,solve,1219.520020
2049,1024,solve,1938.527954
2049,1024,solve,631.648010
2049,1024,solve,620.288025
2049,1024,solve,607.104004
2049,1024,solve,649.791992
2049,1024,solve,1159.456055
2049,1024,solve,614.592041
2049,1024,solve,614.911987
2049,1024,solve,613.791992
2049,1024,solve,656.607971
2049,1024,solve,613.343994
2049,1024,solve,650.752014
2049,1024,solve,623.200012
2049,1024,solve,619.903992
2049,1024,solve,614.112000
2049,1024,solve,609.055969
2049,1024,solve,611.711975
2049,1024,solve,610.752014
2049,1024,solve,653.119995
2049,1024,solve,635.456055
2049,1024,solve,609.567993
2049,1024,solve,2581.023926
2049,1024,solve,644.544006
2049,1024,solve,643.231995
2049,1024,solve,667.583984
2049,1024,solve,608.832031
2049,1024,solve,657.535950
2049,1024,solve,1087.839966
2049,1024,solve,657.791992
2049,1024,solve,622.272034
2049,1024,solve,612.895996
2049,1024,solve,630.783997
2049,1024,solve,615.136047
2049,1024,solve,610.687988
2049,1024,solve,632.704041
2049,1024,solve,612.959961
2049,1024,solve,646.208008
2049,1024,solve,653.024048
2049,1024,solve,659.104004
2049,1024,solve,609.279968
2049,1024,solve,647.840027
2049,1024,solve,643.903992
2049,1024,solve,2563.328125
2049,1024,solve,659.200012
2049,1024,solve,646.208008
2049,1024,solve,616.352051
2049,1024,solve,647.616028
2049,1024,solve,644.415955
2049,1024,solve,645.600037
2049,1024,solve,1070.719971
2049,1024,solve,791.007996
2049,1024,solve,615.423950
2049,1024,solve,616.352051
2049,1024,solve,671.296021
2049,1024,solve,629.024048
2049,1024,solve,648.512024
2049,1024,solve,647.871948
2049,1024,solve,644.575989
2049,1024,solve,55.456001
2049,1024,solution,324.640015
