vars,contraints,operation,elapsed_time
6145,2048,fillTableau,2722.624023
6145,2048,gauss1,342.752014
6145,2048,solve,1342.272095
6145,2048,solve,1331.040039
6145,2048,solve,3891.360107
6145,2048,solve,1393.343994
6145,2048,solve,1326.015991
6145,2048,solve,1332.800049
6145,2048,solve,1575.615967
6145,2048,solve,1337.343994
6145,2048,solve,1344.768066
6145,2048,solve,1326.719971
6145,2048,solve,1319.552002
6145,2048,solve,1955.360107
6145,2048,solve,2637.343994
6145,2048,solve,1746.239990
6145,2048,solve,1325.631958
6145,2048,solve,1327.167969
6145,2048,solve,1326.784058
6145,2048,solve,1344.128052
6145,2048,solve,1324.640015
6145,2048,solve,1322.335938
6145,2048,solve,1319.391968
6145,2048,solve,1319.072021
6145,2048,solve,3204.096191
6145,2048,solve,1817.631958
6145,2048,solve,1341.887939
6145,2048,solve,1324.800049
6145,2048,solve,1321.248047
6145,2048,solve,1328.959961
6145,2048,solve,1319.872070
6145,2048,solve,1323.135986
6145,2048,solve,1336.416016
6145,2048,solve,1323.264038
6145,2048,solve,3197.343994
6145,2048,solve,1318.848022
6145,2048,solve,1871.871948
6145,2048,solve,1345.183960
6145,2048,solve,1341.119995
6145,2048,solve,1335.615967
6145,2048,solve,1327.552002
6145,2048,solve,1334.112061
6145,2048,solve,1318.176025
6145,2048,solve,1320.255981
6145,2048,solve,3218.239990
6145,2048,solve,1324.319946
6145,2048,solve,1323.519897
6145,2048,solve,1748.767944
6145,2048,solve,1354.400024
6145,2048,solve,1341.599976
6145,2048,solve,1325.248047
6145,2048,solve,1323.488037
6145,2048,solve,1322.239990
6145,2048,solve,1330.592041
6145,2048,solve,2654.624023
6145,2048,solve,2738.399902
6145,2048,solve,1324.063965
6145,2048,solve,1839.200073
6145,2048,solve,1327.712036
6145,2048,solve,1325.248047
6145,2048,solve,1343.935913
6145,2048,solve,1317.216064
6145,2048,solve,1335.711914
6145,2048,solve,3186.592041
6145,2048,solve,1324.543945
6145,2048,solve,1351.071899
6145,2048,solve,1321.472046
6145,2048,solve,1819.039917
6145,2048,solve,1325.631958
6145,2048,solve,1323.615967
6145,2048,solve,1319.552002
6145,2048,solve,1322.144043
6145,2048,solve,1349.920044
6145,2048,solve,3363.744141
6145,2048,solve,1893.375977
6145,2048,solve,1326.367920
6145,2048,solve,1331.936035
6145,2048,solve,1323.007935
6145,2048,solve,1318.976074
6145,2048,solve,1324.384033
6145,2048,solve,1314.816040
6145,2048,solve,1336.799927
6145,2048,solve,1329.023926
6145,2048,solve,3428.384033
6145,2048,solve,1814.560059
6145,2048,solve,1318.271973
6145,2048,solve,1341.151978
6145,2048,solve,1328.127930
6145,2048,solve,1348.479980
6145,2048,solve,1319.807983
6145,2048,solve,1330.368042
6145,2048,solve,1320.543945
6145,2048,solve,1316.352051
6145,2048,solve,3240.031982
6145,2048,solve,1319.807983
6145,2048,solve,1857.632080
6145,2048,solve,1322.911987
6145,2048,solve,1338.624023
6145,2048,solve,1323.968018
6145,2048,solve,1322.783936
6145,2048,solve,1314.015991
6145,2048,solve,1318.687988
6145,2048,solve,1318.624023
6145,2048,solve,2632.384033
6145,2048,solve,2064.384033
6145,2048,solve,1811.712036
6145,2048,solve,1322.400024
6145,2048,solve,1321.728027
6145,2048,solve,1328.959961
6145,2048,solve,1318.239990
6145,2048,solve,1318.495972
6145,2048,solve,1324.640015
6145,2048,solve,1314.239990
6145,2048,solve,2654.560059
6145,2048,solve,2060.480225
6145,2048,solve,1313.728027
6145,2048,solve,1860.255981
6145,2048,solve,1344.095947
6145,2048,solve,2724.416016
6145,2048,solve,2725.343994
6145,2048,solve,5034.560059
6145,2048,solve,2731.583984
6145,2048,solve,3259.424072
6145,2048,solve,2723.903809
6145,2048,solve,3338.239990
6145,2048,solve,4583.968262
6145,2048,solve,2723.328125
6145,2048,solve,2731.936035
6145,2048,solve,2712.895996
6145,2048,solve,3962.752197
6145,2048,solve,3952.608154
6145,2048,solve,1322.656006
6145,2048,solve,2740.320068
6145,2048,solve,2720.383789
6145,2048,solve,2717.312012
6145,2048,solve,5038.208008
6145,2048,solve,3273.600098
6145,2048,solve,2728.768066
6145,2048,solve,2719.968018
6145,2048,solve,3351.263916
6145,2048,solve,4019.455811
6145,2048,solve,3269.887939
6145,2048,solve,2727.711914
6145,2048,solve,2736.895996
6145,2048,solve,3338.783936
6145,2048,solve,3948.352051
6145,2048,solve,3216.864014
6145,2048,solve,2745.951904
6145,2048,solve,2725.439941
6145,2048,solve,5139.711914
6145,2048,solve,2972.927979
6145,2048,solve,3266.271973
6145,2048,solve,2737.696045
6145,2048,solve,2722.431885
6145,2048,solve,5068.927734
6145,2048,solve,2724.832031
6145,2048,solve,3216.864014
6145,2048,solve,2733.216064
6145,2048,solve,3345.823975
6145,2048,solve,4532.512207
6145,2048,solve,2745.728027
6145,2048,solve,2728.159912
6145,2048,solve,2723.072021
6145,2048,solve,3347.712158
6145,2048,solve,4499.487793
6145,2048,solve,2724.960205
6145,2048,solve,2727.423828
6145,2048,solve,2718.463867
6145,2048,solve,3343.552002
6145,2048,solve,4021.152100
6145,2048,solve,3257.024170
6145,2048,solve,2725.791992
6145,2048,solve,2717.823975
6145,2048,solve,3973.632080
6145,2048,solve,3522.303955
6145,2048,solve,3283.072021
6145,2048,solve,2736.191895
6145,2048,solve,2721.728027
6145,2048,solve,4999.839844
6145,2048,solve,2734.592041
6145,2048,solve,3267.552002
6145,2048,solve,2733.760010
6145,2048,solve,3347.615967
6145,2048,solve,4555.712402
6145,2048,solve,1342.399902
6145,2048,solve,2737.216064
6145,2048,solve,2986.943848
6145,2048,solve,3155.968018
6145,2048,solve,5075.231934
6145,2048,solve,2746.271973
6145,2048,solve,3194.176025
6145,2048,solve,2714.368164
6145,2048,solve,1334.719971
6145,2048,solve,5038.560059
6145,2048,solve,3261.343994
6145,2048,solve,2713.599854
6145,2048,solve,2712.671875
6145,2048,solve,3361.280029
6145,2048,solve,4007.679932
6145,2048,solve,3199.583984
6145,2048,solve,2728.095947
6145,2048,solve,2712.416016
6145,2048,solve,3970.687988
6145,2048,solve,3457.472168
6145,2048,solve,3205.375977
6145,2048,solve,2725.855957
6145,2048,solve,2712.511963
6145,2048,solve,2720.288086
6145,2048,solve,2728.895996
6145,2048,solve,2713.728027
6145,2048,solve,2712.192139
6145,2048,solve,3304.352051
6145,2048,solve,2735.167969
6145,2048,solve,5148.127930
6145,2048,solve,2718.112061
6145,2048,solve,2732.927979
6145,2048,solve,2722.879883
6145,2048,solve,2741.120117
6145,2048,solve,1354.367920
6145,2048,solve,2729.312012
6145,2048,solve,2728.192139
6145,2048,solve,2716.479980
6145,2048,solve,2724.095947
6145,2048,solve,4584.032227
6145,2048,solve,2954.911865
6145,2048,solve,3212.832031
6145,2048,solve,2727.711914
6145,2048,solve,2746.208008
6145,2048,solve,2725.951904
6145,2048,solve,2722.208008
6145,2048,solve,2760.224121
6145,2048,solve,2726.208008
6145,2048,solve,2723.392090
6145,2048,solve,3354.111816
6145,2048,solve,4496.672363
6145,2048,solve,2738.112061
6145,2048,solve,3124.095947
6145,2048,solve,2741.216064
6145,2048,solve,4356.031738
6145,2048,solve,3971.968018
6145,2048,solve,2727.583984
6145,2048,solve,2733.920166
6145,2048,solve,2725.248047
6145,2048,solve,4938.560059
6145,2048,solve,3229.568115
6145,2048,solve,2750.047852
6145,2048,solve,2728.543945
6145,2048,solve,2722.879883
6145,2048,solve,2741.823975
6145,2048,solve,2720.927979
6145,2048,solve,2715.807861
6145,2048,solve,2717.024170
6145,2048,solve,2720.768066
6145,2048,solve,4944.479980
6145,2048,solve,2734.208008
6145,2048,solve,2723.488037
6145,2048,solve,3292.864014
6145,2048,solve,2728.319824
6145,2048,solve,2724.191895
6145,2048,solve,2721.152100
6145,2048,solve,2714.943848
6145,2048,solve,2722.143799
6145,2048,solve,2720.288086
6145,2048,solve,4992.063965
6145,2048,solve,2764.031982
6145,2048,solve,3266.560059
6145,2048,solve,2745.280029
6145,2048,solve,2723.455811
6145,2048,solve,5054.144043
6145,2048,solve,2734.368164
6145,2048,solve,3262.432129
6145,2048,solve,2742.815918
6145,2048,solve,3348.607910
6145,2048,solve,4564.799805
6145,2048,solve,2735.232178
6145,2048,solve,3070.015869
6145,2048,solve,1491.167969
6145,2048,solve,2729.280029
6145,2048,solve,1349.343994
6145,2048,solve,2717.280029
6145,2048,solve,1329.760010
6145,2048,solve,2722.367920
6145,2048,solve,1318.143921
6145,2048,solve,2720.288086
6145,2048,solve,3976.608154
6145,2048,solve,3461.855957
6145,2048,solve,3261.312012
6145,2048,solve,2723.615967
6145,2048,solve,2742.176025
6145,2048,solve,4991.231934
6145,2048,solve,2758.879883
6145,2048,solve,3268.735840
6145,2048,solve,2743.168213
6145,2048,solve,3978.368164
6145,2048,solve,4234.144043
6145,2048,solve,2730.783936
6145,2048,solve,3082.208008
6145,2048,solve,2727.936035
6145,2048,solve,4930.751953
6145,2048,solve,3285.375977
6145,2048,solve,2725.984131
6145,2048,solve,2721.440186
6145,2048,solve,2727.679932
6145,2048,solve,5042.431641
6145,2048,solve,3269.407959
6145,2048,solve,2746.592041
6145,2048,solve,2727.423828
6145,2048,solve,2731.456055
6145,2048,solve,3210.303955
6145,2048,solve,2717.472168
6145,2048,solve,1865.088013
6145,2048,solve,2729.504150
6145,2048,solve,2733.952148
6145,2048,solve,3339.263916
6145,2048,solve,4020.864014
6145,2048,solve,3199.583984
6145,2048,solve,2734.560059
6145,2048,solve,2725.600098
6145,2048,solve,1319.872070
6145,2048,solve,4933.503906
6145,2048,solve,2738.496094
6145,2048,solve,1318.239990
6145,2048,solve,1753.888062
6145,2048,solve,2727.296143
6145,2048,solve,1324.735962
6145,2048,solve,4942.848145
6145,2048,solve,3264.256104
6145,2048,solve,2724.927979
6145,2048,solve,2725.215820
6145,2048,solve,1320.416016
6145,2048,solve,3980.895996
6145,2048,solve,3973.023926
6145,2048,solve,1325.536011
6145,2048,solve,2723.040039
6145,2048,solve,1332.927979
6145,2048,solve,1314.144043
6145,2048,solve,2719.808105
6145,2048,solve,4993.087891
6145,2048,solve,3269.696045
6145,2048,solve,2725.951904
6145,2048,solve,1370.079956
6145,2048,solve,2730.656006
6145,2048,solve,4599.520020
6145,2048,solve,2932.287842
6145,2048,solve,1875.583984
6145,2048,solve,3156.575928
6145,2048,solve,2727.488037
6145,2048,solve,1319.424072
6145,2048,solve,5004.640137
6145,2048,solve,2750.816162
6145,2048,solve,3250.976074
6145,2048,solve,2724.991943
6145,2048,solve,2721.247803
6145,2048,solve,5076.608398
6145,2048,solve,2729.343994
6145,2048,solve,3293.696045
6145,2048,solve,2725.951904
6145,2048,solve,4941.439941
6145,2048,solve,2727.263916
6145,2048,solve,2719.711914
6145,2048,solve,1868.864014
6145,2048,solve,2747.679932
6145,2048,solve,1331.359985
6145,2048,solve,4589.120117
6145,2048,solve,3262.527832
6145,2048,solve,2741.247803
6145,2048,solve,2713.984131
6145,2048,solve,4574.111816
6145,2048,solve,2932.127930
6145,2048,solve,3250.848145
6145,2048,solve,2715.872070
6145,2048,solve,1325.920044
6145,2048,solve,3968.447998
6145,2048,solve,3453.375977
6145,2048,solve,2712.224121
6145,2048,solve,3257.471924
6145,2048,solve,2728.416016
6145,2048,solve,4572.895996
6145,2048,solve,3471.391846
6145,2048,solve,2713.056152
6145,2048,solve,2716.288086
6145,2048,solve,2709.791992
6145,2048,solve,4924.608398
6145,2048,solve,3277.440186
6145,2048,solve,2715.647949
6145,2048,solve,2726.815918
6145,2048,solve,2714.656006
6145,2048,solve,4983.488281
6145,2048,solve,3245.120117
6145,2048,solve,2712.703857
6145,2048,solve,2716.000000
6145,2048,solve,2706.880127
6145,2048,solve,5030.335938
6145,2048,solve,3203.295898
6145,2048,solve,2726.912109
6145,2048,solve,2718.271973
6145,2048,solve,4585.152344
6145,2048,solve,2936.511963
6145,2048,solve,3215.167969
6145,2048,solve,2726.176025
6145,2048,solve,2724.479980
6145,2048,solve,4944.608398
6145,2048,solve,2728.095947
6145,2048,solve,3211.231934
6145,2048,solve,2738.591797
6145,2048,solve,1327.872070
6145,2048,solve,3977.472168
6145,2048,solve,4004.928223
6145,2048,solve,3264.063965
6145,2048,solve,2722.656006
6145,2048,solve,2743.968018
6145,2048,solve,4929.632324
6145,2048,solve,3279.328125
6145,2048,solve,2732.320068
6145,2048,solve,2724.767822
6145,2048,solve,1319.167969
6145,2048,solve,3356.543945
6145,2048,solve,4038.559814
6145,2048,solve,3254.271973
6145,2048,solve,2727.647949
6145,2048,solve,2725.951904
6145,2048,solve,3980.575928
6145,2048,solve,3499.200195
6145,2048,solve,3272.160156
6145,2048,solve,2740.256104
6145,2048,solve,2740.031982
6145,2048,solve,3971.744141
6145,2048,solve,3465.343994
6145,2048,solve,3266.911865
6145,2048,solve,2712.224121
6145,2048,solve,2718.431885
6145,2048,solve,4980.192383
6145,2048,solve,2733.920166
6145,2048,solve,3245.696045
6145,2048,solve,2715.807861
6145,2048,solve,4580.063965
6145,2048,solve,3419.807861
6145,2048,solve,2714.208008
6145,2048,solve,2720.223877
6145,2048,solve,2711.520020
6145,2048,solve,5037.631836
6145,2048,solve,3208.479980
6145,2048,solve,2741.503906
6145,2048,solve,2716.255859
6145,2048,solve,4580.671875
6145,2048,solve,2929.184082
6145,2048,solve,3207.776123
6145,2048,solve,2719.424072
6145,2048,solve,2739.583984
6145,2048,solve,4570.687988
6145,2048,solve,1539.263916
6145,2048,solve,2715.647949
6145,2048,solve,1321.920044
6145,2048,solve,3159.520020
6145,2048,solve,2715.807861
6145,2048,solve,4921.536133
6145,2048,solve,2733.119873
6145,2048,solve,2710.335938
6145,2048,solve,3262.464111
6145,2048,solve,2719.135986
6145,2048,solve,4992.159668
6145,2048,solve,1908.352051
6145,2048,solve,2727.040039
6145,2048,solve,1335.744019
6145,2048,solve,2742.880127
6145,2048,solve,2746.112061
6145,2048,solve,5113.087891
6145,2048,solve,3380.543945
6145,2048,solve,3031.872070
6145,2048,solve,2749.343994
6145,2048,solve,4003.712158
6145,2048,solve,3895.263916
6145,2048,solve,3196.832031
6145,2048,solve,2750.208008
6145,2048,solve,2742.847900
6145,2048,solve,2650.559814
6145,2048,solve,3524.384033
6145,2048,solve,1337.919922
6145,2048,solve,3288.800049
6145,2048,solve,1353.599976
6145,2048,solve,2761.984131
6145,2048,solve,4962.912109
6145,2048,solve,2769.056152
6145,2048,solve,3243.328125
6145,2048,solve,2758.208008
6145,2048,solve,2766.911865
6145,2048,solve,4997.759766
6145,2048,solve,2749.791992
6145,2048,solve,1328.511963
6145,2048,solve,3307.104004
6145,2048,solve,1350.847900
6145,2048,solve,2751.840088
6145,2048,solve,5256.959961
6145,2048,solve,1339.776001
6145,2048,solve,2743.455811
6145,2048,solve,2761.471924
6145,2048,solve,2737.855957
6145,2048,solve,1348.479980
6145,2048,solve,4657.472168
6145,2048,solve,3184.000000
6145,2048,solve,2743.392090
6145,2048,solve,2739.840088
6145,2048,solve,1330.432007
6145,2048,solve,4980.576172
6145,2048,solve,1349.119995
6145,2048,solve,3285.631836
6145,2048,solve,1335.167969
6145,2048,solve,2746.047852
6145,2048,solve,2752.927979
6145,2048,solve,1961.504028
6145,2048,solve,4069.183838
6145,2048,solve,3305.728027
6145,2048,solve,2748.640137
6145,2048,solve,1335.744019
6145,2048,solve,2736.959961
6145,2048,solve,4653.375977
6145,2048,solve,1341.696045
6145,2048,solve,3282.527832
6145,2048,solve,1330.015991
6145,2048,solve,2748.991943
6145,2048,solve,3365.216064
6145,2048,solve,4063.839844
6145,2048,solve,2758.944092
6145,2048,solve,3290.751953
6145,2048,solve,2763.808105
6145,2048,solve,4015.583984
6145,2048,solve,3727.968018
6145,2048,solve,2741.823975
6145,2048,solve,3310.656006
6145,2048,solve,2776.671875
6145,2048,solve,4628.672363
6145,2048,solve,4755.871582
6145,2048,solve,3234.560059
6145,2048,solve,2746.975830
6145,2048,solve,4007.135986
6145,2048,solve,3996.159912
6145,2048,solve,2745.088135
6145,2048,solve,2760.031982
6145,2048,solve,3384.447998
6145,2048,solve,2765.760010
6145,2048,solve,2765.280029
6145,2048,solve,2750.879883
6145,2048,solve,2744.640137
6145,2048,solve,2740.479980
6145,2048,solve,2748.224121
6145,2048,solve,3239.263916
6145,2048,solve,2759.327881
6145,2048,solve,3287.679932
6145,2048,solve,2765.536133
6145,2048,solve,2753.664062
6145,2048,solve,2741.663818
6145,2048,solve,2740.384033
6145,2048,solve,2739.167969
6145,2048,solve,2740.799805
6145,2048,solve,2741.152100
6145,2048,solve,4023.424072
6145,2048,solve,4059.904053
6145,2048,solve,2785.120117
6145,2048,solve,2751.968018
6145,2048,solve,2762.399902
6145,2048,solve,2746.687988
6145,2048,solve,3068.384033
6145,2048,solve,2750.592041
6145,2048,solve,2938.624023
6145,2048,solve,3024.927979
6145,2048,solve,4113.472168
6145,2048,solve,3529.535889
6145,2048,solve,3301.855957
6145,2048,solve,2770.112061
6145,2048,solve,2763.968018
6145,2048,solve,4640.639648
6145,2048,solve,2970.495850
6145,2048,solve,3290.047852
6145,2048,solve,2767.488037
6145,2048,solve,2754.080078
6145,2048,solve,4978.400391
6145,2048,solve,2750.080078
6145,2048,solve,3295.456055
6145,2048,solve,2747.072021
6145,2048,solve,2739.295898
6145,2048,solve,5070.016113
6145,2048,solve,2756.768066
6145,2048,solve,3284.127930
6145,2048,solve,2756.895996
6145,2048,solve,2750.208008
6145,2048,solve,2742.783936
6145,2048,solve,2737.216064
6145,2048,solve,2747.839844
6145,2048,solve,2741.600098
6145,2048,solve,2748.447998
6145,2048,solve,3237.248047
6145,2048,solve,3229.568115
6145,2048,solve,1331.743896
6145,2048,solve,1328.575928
6145,2048,solve,2746.176025
6145,2048,solve,2761.280029
6145,2048,solve,2742.912109
6145,2048,solve,2740.159912
6145,2048,solve,2743.168213
6145,2048,solve,1326.015991
6145,2048,solve,2739.648193
6145,2048,solve,2737.855957
6145,2048,solve,3233.952148
6145,2048,solve,3291.936035
6145,2048,solve,2745.887939
6145,2048,solve,3114.559814
6145,2048,solve,2899.520020
6145,2048,solve,1973.440063
6145,2048,solve,4593.952148
6145,2048,solve,2745.215820
6145,2048,solve,1331.040039
6145,2048,solve,2739.840088
6145,2048,solve,2739.200195
6145,2048,solve,5087.040039
6145,2048,solve,3303.807861
6145,2048,solve,1347.072021
6145,2048,solve,2744.352051
6145,2048,solve,2740.223877
6145,2048,solve,2743.936035
6145,2048,solve,2745.152100
6145,2048,solve,2736.320068
6145,2048,solve,2738.080078
6145,2048,solve,2740.736084
6145,2048,solve,4952.288086
6145,2048,solve,2749.120117
6145,2048,solve,3233.472168
6145,2048,solve,2743.679932
6145,2048,solve,3365.087891
6145,2048,solve,4556.287598
6145,2048,solve,2745.855957
6145,2048,solve,2741.535889
6145,2048,solve,2739.520020
6145,2048,solve,4981.184082
6145,2048,solve,2743.968018
6145,2048,solve,3159.583984
6145,2048,solve,2748.127930
6145,2048,solve,2735.840088
6145,2048,solve,5017.504395
6145,2048,solve,2743.808105
6145,2048,solve,3287.968018
6145,2048,solve,2746.144043
6145,2048,solve,2740.384033
6145,2048,solve,5144.224121
6145,2048,solve,2757.184082
6145,2048,solve,3412.287842
6145,2048,solve,2744.352051
6145,2048,solve,4948.095703
6145,2048,solve,2746.079834
6145,2048,solve,2760.575928
6145,2048,solve,3186.592041
6145,2048,solve,2761.343994
6145,2048,solve,5093.056152
6145,2048,solve,3177.728027
6145,2048,solve,2755.456055
6145,2048,solve,2738.112061
6145,2048,solve,2753.280029
6145,2048,solve,4685.184082
6145,2048,solve,3294.015869
6145,2048,solve,2760.191895
6145,2048,solve,2753.664062
6145,2048,solve,3357.120117
6145,2048,solve,4082.143799
6145,2048,solve,3367.680176
6145,2048,solve,2751.072021
6145,2048,solve,2833.887939
6145,2048,solve,4054.367920
6145,2048,solve,3560.672119
6145,2048,solve,3680.416016
6145,2048,solve,3002.912109
6145,2048,solve,2748.800049
6145,2048,solve,5482.528320
6145,2048,solve,3428.352051
6145,2048,solve,2746.239990
6145,2048,solve,3110.560059
6145,2048,solve,4000.256104
6145,2048,solve,3519.072021
6145,2048,solve,2931.904053
6145,2048,solve,3187.423828
6145,2048,solve,3081.568115
6145,2048,solve,4983.647949
6145,2048,solve,2746.432129
6145,2048,solve,1324.192017
6145,2048,solve,3532.031982
6145,2048,solve,2743.840088
6145,2048,solve,1711.423950
6145,2048,solve,5187.647949
6145,2048,solve,2753.567871
6145,2048,solve,2981.471924
6145,2048,solve,2738.879883
6145,2048,solve,4212.224121
6145,2048,solve,4004.576172
6145,2048,solve,2754.816162
6145,2048,solve,2986.144043
6145,2048,solve,2740.832031
6145,2048,solve,5313.151855
6145,2048,solve,3234.463867
6145,2048,solve,2750.848145
6145,2048,solve,2984.767822
6145,2048,solve,5226.560059
6145,2048,solve,2760.991943
6145,2048,solve,3283.104004
6145,2048,solve,2747.744141
6145,2048,solve,2983.616211
6145,2048,solve,5189.567871
6145,2048,solve,2749.312012
6145,2048,solve,2742.687988
6145,2048,solve,2735.040039
6145,2048,solve,3999.392090
6145,2048,solve,3987.008057
6145,2048,solve,2749.120117
6145,2048,solve,2744.672119
6145,2048,solve,2748.735840
6145,2048,solve,4611.775879
6145,2048,solve,3469.343994
6145,2048,solve,2744.704102
6145,2048,solve,1334.815918
6145,2048,solve,2735.519775
6145,2048,solve,1347.936035
6145,2048,solve,5096.608398
6145,2048,solve,3215.199951
6145,2048,solve,1332.864014
6145,2048,solve,2759.552002
6145,2048,solve,1333.888062
6145,2048,solve,4621.471680
6145,2048,solve,2966.111816
6145,2048,solve,3230.848145
6145,2048,solve,2747.072021
6145,2048,solve,2744.704102
6145,2048,solve,4698.783691
6145,2048,solve,3878.815918
6145,2048,solve,2749.471924
6145,2048,solve,2756.031982
6145,2048,solve,5041.439941
6145,2048,solve,3234.239990
6145,2048,solve,2747.072021
6145,2048,solve,2761.535889
6145,2048,solve,2741.887939
6145,2048,solve,5117.216309
6145,2048,solve,3230.687988
6145,2048,solve,2743.552002
6145,2048,solve,2756.895996
6145,2048,solve,3370.143799
6145,2048,solve,4043.808105
6145,2048,solve,2745.280029
6145,2048,solve,3277.280029
6145,2048,solve,2750.560059
6145,2048,solve,4954.111816
6145,2048,solve,1338.879883
6145,2048,solve,2756.288086
6145,2048,solve,3224.447998
6145,2048,solve,2751.775879
6145,2048,solve,4009.151855
6145,2048,solve,3975.008057
6145,2048,solve,1335.615967
6145,2048,solve,2753.375977
6145,2048,solve,2742.912109
6145,2048,solve,2741.023926
6145,2048,solve,5098.751953
6145,2048,solve,3301.055908
6145,2048,solve,2750.560059
6145,2048,solve,2744.895996
6145,2048,solve,3375.423828
6145,2048,solve,4071.040039
6145,2048,solve,3281.760010
6145,2048,solve,2762.464111
6145,2048,solve,2779.808105
6145,2048,solve,4993.696289
6145,2048,solve,2748.575928
6145,2048,solve,1347.679932
6145,2048,solve,3174.719971
6145,2048,solve,1349.119995
6145,2048,solve,2742.304199
6145,2048,solve,1966.911987
6145,2048,solve,4069.951904
6145,2048,solve,2736.288086
6145,2048,solve,3277.280029
6145,2048,solve,2745.183838
6145,2048,solve,3998.496094
6145,2048,solve,2555.552002
6145,2048,solve,2748.800049
6145,2048,solve,1330.368042
6145,2048,solve,2738.687988
6145,2048,solve,1327.807983
6145,2048,solve,2740.063965
6145,2048,solve,2669.439941
6145,2048,solve,4043.935791
6145,2048,solve,2740.832031
6145,2048,solve,2744.640137
6145,2048,solve,2736.991943
6145,2048,solve,4975.071777
6145,2048,solve,3269.536133
6145,2048,solve,2733.599854
6145,2048,solve,2737.728027
6145,2048,solve,3366.976074
6145,2048,solve,4375.487793
6145,2048,solve,3218.751953
6145,2048,solve,1337.312012
6145,2048,solve,2735.872070
6145,2048,solve,3353.184082
6145,2048,solve,3114.432129
6145,2048,solve,2756.576172
6145,2048,solve,1331.040039
6145,2048,solve,2728.095947
6145,2048,solve,2732.736084
6145,2048,solve,1334.112061
6145,2048,solve,5080.352051
6145,2048,solve,1521.599976
6145,2048,solve,2731.008057
6145,2048,solve,2731.904053
6145,2048,solve,2738.431885
6145,2048,solve,5101.823730
6145,2048,solve,3254.080078
6145,2048,solve,2749.599854
6145,2048,solve,2733.056152
6145,2048,solve,4615.968262
6145,2048,solve,2948.735840
6145,2048,solve,3212.927979
6145,2048,solve,2735.167969
6145,2048,solve,2753.599854
6145,2048,solve,4968.927734
6145,2048,solve,2736.479980
6145,2048,solve,3208.832031
6145,2048,solve,2731.104004
6145,2048,solve,2751.775879
6145,2048,solve,1977.184082
6145,2048,solve,4558.176270
6145,2048,solve,2739.520020
6145,2048,solve,1330.495972
6145,2048,solve,2749.567871
6145,2048,solve,1346.367920
6145,2048,solve,3988.063965
6145,2048,solve,2092.895996
6145,2048,solve,3246.656006
6145,2048,solve,1343.647949
6145,2048,solve,2731.936035
6145,2048,solve,1328.671997
6145,2048,solve,2741.728027
6145,2048,solve,5081.408203
6145,2048,solve,3262.687988
6145,2048,solve,2736.352051
6145,2048,solve,2727.488037
6145,2048,solve,2731.615967
6145,2048,solve,4638.048340
6145,2048,solve,1819.072021
6145,2048,solve,2735.071777
6145,2048,solve,2752.416016
6145,2048,solve,2728.991943
6145,2048,solve,4964.768066
6145,2048,solve,3211.008057
6145,2048,solve,2754.847900
6145,2048,solve,2964.960205
6145,2048,solve,1334.527954
6145,2048,solve,4195.487793
6145,2048,solve,3522.111816
6145,2048,solve,3278.976074
6145,2048,solve,1364.351929
6145,2048,solve,2737.920166
6145,2048,solve,3353.663818
6145,2048,solve,4041.247803
6145,2048,solve,1331.488037
6145,2048,solve,3223.743896
6145,2048,solve,2736.000000
6145,2048,solve,2733.151855
6145,2048,solve,5695.295898
6145,2048,solve,1360.800049
6145,2048,solve,2735.904053
6145,2048,solve,2729.568115
6145,2048,solve,2739.072021
6145,2048,solve,2735.807861
6145,2048,solve,2742.304199
6145,2048,solve,2737.152100
6145,2048,solve,2748.063965
6145,2048,solve,2740.768066
6145,2048,solve,3999.775879
6145,2048,solve,3512.991943
6145,2048,solve,3285.504150
6145,2048,solve,1339.840088
6145,2048,solve,2747.520020
6145,2048,solve,1347.903931
6145,2048,solve,2740.256104
6145,2048,solve,2738.208008
6145,2048,solve,1327.167969
6145,2048,solve,2736.607910
6145,2048,solve,2753.887939
6145,2048,solve,2740.959961
6145,2048,solve,4006.336182
6145,2048,solve,3502.304199
6145,2048,solve,3574.016113
6145,2048,solve,2764.384033
6145,2048,solve,3218.944092
6145,2048,solve,5211.071777
6145,2048,solve,2763.520020
6145,2048,solve,3268.447998
6145,2048,solve,2751.359863
6145,2048,solve,2749.791992
6145,2048,solve,2649.408203
6145,2048,solve,3490.880127
6145,2048,solve,1327.776001
6145,2048,solve,3222.528076
6145,2048,solve,1333.056030
6145,2048,solve,2746.432129
6145,2048,solve,5007.232422
6145,2048,solve,3301.664062
6145,2048,solve,2747.456055
6145,2048,solve,2742.592041
6145,2048,solve,2764.991943
6145,2048,solve,5029.023926
6145,2048,solve,1815.040039
6145,2048,solve,1337.504028
6145,2048,solve,2914.815918
6145,2048,solve,1330.432007
6145,2048,solve,2745.248047
6145,2048,solve,5408.160156
6145,2048,solve,1367.712036
6145,2048,solve,3570.560059
6145,2048,solve,1339.200073
6145,2048,solve,1665.920044
6145,2048,solve,2751.264160
6145,2048,solve,4985.536133
6145,2048,solve,3211.456055
6145,2048,solve,2746.592041
6145,2048,solve,2747.360107
6145,2048,solve,1333.343994
6145,2048,solve,2748.447998
6145,2048,solve,2750.656006
6145,2048,solve,2742.975830
6145,2048,solve,1345.823975
6145,2048,solve,2744.191895
6145,2048,solve,2743.360107
6145,2048,solve,4608.735840
6145,2048,solve,2979.615967
6145,2048,solve,1324.063965
6145,2048,solve,3224.512207
6145,2048,solve,3441.087891
6145,2048,solve,4015.295898
6145,2048,solve,2115.808105
6145,2048,solve,3159.840088
6145,2048,solve,2748.159912
6145,2048,solve,2741.632080
6145,2048,solve,2742.335938
6145,2048,solve,5109.023926
6145,2048,solve,3325.472168
6145,2048,solve,2777.823975
6145,2048,solve,2747.711914
6145,2048,solve,3374.975830
6145,2048,solve,4060.192139
6145,2048,solve,3300.224121
6145,2048,solve,2752.479980
6145,2048,solve,1339.744019
6145,2048,solve,2739.775879
6145,2048,solve,1979.679932
6145,2048,solve,4075.295898
6145,2048,solve,3294.143799
6145,2048,solve,2756.288086
6145,2048,solve,2752.543945
6145,2048,solve,1347.135986
6145,2048,solve,5103.040039
6145,2048,solve,3230.751953
6145,2048,solve,1341.056030
6145,2048,solve,2743.936035
6145,2048,solve,2738.784180
6145,2048,solve,4971.615723
6145,2048,solve,2764.704102
6145,2048,solve,3276.288086
6145,2048,solve,2747.040039
6145,2048,solve,2763.520020
6145,2048,solve,5039.135742
6145,2048,solve,2747.488037
6145,2048,solve,3285.696045
6145,2048,solve,2777.791992
6145,2048,solve,3818.783936
6145,2048,solve,4626.783691
6145,2048,solve,2770.015869
6145,2048,solve,2742.239990
6145,2048,solve,2740.416016
6145,2048,solve,4012.576172
6145,2048,solve,3976.223877
6145,2048,solve,2747.360107
6145,2048,solve,2748.479980
6145,2048,solve,2739.135986
6145,2048,solve,4604.928223
6145,2048,solve,3440.768066
6145,2048,solve,2746.560059
6145,2048,solve,2744.959961
6145,2048,solve,2743.455811
6145,2048,solve,4985.503906
6145,2048,solve,3235.552002
6145,2048,solve,1338.879883
6145,2048,solve,2745.631836
6145,2048,solve,2755.295898
6145,2048,solve,4621.664062
6145,2048,solve,2976.576172
6145,2048,solve,3285.536133
6145,2048,solve,2755.232178
6145,2048,solve,2747.968018
6145,2048,solve,1964.607910
6145,2048,solve,4564.096191
6145,2048,solve,3228.832031
6145,2048,solve,1332.735962
6145,2048,solve,2743.455811
6145,2048,solve,2744.064209
6145,2048,solve,5076.416016
6145,2048,solve,2749.407959
6145,2048,solve,3293.472168
6145,2048,solve,2760.447998
6145,2048,solve,1327.615967
6145,2048,solve,4992.000000
6145,2048,solve,2757.343994
6145,2048,solve,3216.128174
6145,2048,solve,2744.031982
6145,2048,solve,2744.607910
6145,2048,solve,5541.151855
6145,2048,solve,2754.528076
6145,2048,solve,2742.912109
6145,2048,solve,2746.432129
6145,2048,solve,3360.255859
6145,2048,solve,4077.792236
6145,2048,solve,3162.431885
6145,2048,solve,2754.911865
6145,2048,solve,2737.951904
6145,2048,solve,3364.511963
6145,2048,solve,4077.727783
6145,2048,solve,3293.055908
6145,2048,solve,2747.231934
6145,2048,solve,2741.312012
6145,2048,solve,4013.023926
6145,2048,solve,3518.271973
6145,2048,solve,3277.503906
6145,2048,solve,2746.848145
6145,2048,solve,2741.728027
6145,2048,solve,4706.080078
6145,2048,solve,6290.527832
6145,2048,solve,2746.912109
6145,2048,solve,2761.471924
6145,2048,solve,2745.280029
6145,2048,solve,2743.647949
6145,2048,solve,2739.008057
6145,2048,solve,2746.144043
6145,2048,solve,2739.456055
6145,2048,solve,4979.936035
6145,2048,solve,3300.928223
6145,2048,solve,2746.592041
6145,2048,solve,2764.447998
6145,2048,solve,2738.751953
6145,2048,solve,2738.303955
6145,2048,solve,1347.007935
6145,2048,solve,2735.712158
6145,2048,solve,2748.159912
6145,2048,solve,2740.320068
6145,2048,solve,1328.223999
6145,2048,solve,5002.175781
6145,2048,solve,2757.055908
6145,2048,solve,3225.728027
6145,2048,solve,2752.991943
6145,2048,solve,2749.312012
6145,2048,solve,5071.807617
6145,2048,solve,2751.807861
6145,2048,solve,3407.743896
6145,2048,solve,2762.208008
6145,2048,solve,1810.816040
6145,2048,solve,5800.384277
6145,2048,solve,2766.560059
6145,2048,solve,3223.583984
6145,2048,solve,2750.528076
6145,2048,solve,4619.903809
6145,2048,solve,3450.400146
6145,2048,solve,2747.072021
6145,2048,solve,2769.023926
6145,2048,solve,2736.447998
6145,2048,solve,4980.319824
6145,2048,solve,3253.024170
6145,2048,solve,2753.728027
6145,2048,solve,2745.728027
6145,2048,solve,3360.095947
6145,2048,solve,4051.807861
6145,2048,solve,3211.104004
6145,2048,solve,2743.583984
6145,2048,solve,2747.679932
6145,2048,solve,4945.695801
6145,2048,solve,2744.959961
6145,2048,solve,2758.176025
6145,2048,solve,3266.367920
6145,2048,solve,3363.936035
6145,2048,solve,4077.439697
6145,2048,solve,3273.920166
6145,2048,solve,2778.016113
6145,2048,solve,2740.288086
6145,2048,solve,4982.144043
6145,2048,solve,2752.320068
6145,2048,solve,3282.751953
6145,2048,solve,2746.112061
6145,2048,solve,2742.880127
6145,2048,solve,5077.375977
6145,2048,solve,2775.424072
6145,2048,solve,3283.296143
6145,2048,solve,2753.375977
6145,2048,solve,3368.063965
6145,2048,solve,4572.063965
6145,2048,solve,2754.784180
6145,2048,solve,2758.143799
6145,2048,solve,2744.800049
6145,2048,solve,5004.959961
6145,2048,solve,3286.303955
6145,2048,solve,2743.328125
6145,2048,solve,2748.895996
6145,2048,solve,3377.919922
6145,2048,solve,4084.416016
6145,2048,solve,3280.895996
6145,2048,solve,2745.407959
6145,2048,solve,2743.007812
6145,2048,solve,4987.487793
6145,2048,solve,2756.704102
6145,2048,solve,3225.312012
6145,2048,solve,2749.375977
6145,2048,solve,3390.208008
6145,2048,solve,4536.224121
6145,2048,solve,2751.072021
6145,2048,solve,2746.112061
6145,2048,solve,2745.760010
6145,2048,solve,5166.495605
6145,2048,solve,3230.848145
6145,2048,solve,2743.936035
6145,2048,solve,2742.239990
6145,2048,solve,3997.184082
6145,2048,solve,3496.479980
6145,2048,solve,3216.543945
6145,2048,solve,2749.471924
6145,2048,solve,2745.663818
6145,2048,solve,5017.087891
6145,2048,solve,2764.704102
6145,2048,solve,3224.895996
6145,2048,solve,2742.239990
6145,2048,solve,2743.776123
6145,2048,solve,5535.424316
6145,2048,solve,2742.271973
6145,2048,solve,2742.271973
6145,2048,solve,2739.039795
6145,2048,solve,3368.159912
6145,2048,solve,4074.944092
6145,2048,solve,3278.815918
6145,2048,solve,2749.855957
6145,2048,solve,2760.031982
6145,2048,solve,3992.255859
6145,2048,solve,3514.592041
6145,2048,solve,3287.264160
6145,2048,solve,2764.319824
6145,2048,solve,2753.024170
6145,2048,solve,4603.136230
6145,2048,solve,2960.063965
6145,2048,solve,3274.592041
6145,2048,solve,2743.135986
6145,2048,solve,2738.080078
6145,2048,solve,4983.104004
6145,2048,solve,2755.743896
6145,2048,solve,3283.520020
6145,2048,solve,2759.743896
6145,2048,solve,3358.303955
6145,2048,solve,4588.416016
6145,2048,solve,2744.991943
6145,2048,solve,2744.256104
6145,2048,solve,2760.288086
6145,2048,solve,4605.696289
6145,2048,solve,3443.039795
6145,2048,solve,2756.416016
6145,2048,solve,2746.560059
6145,2048,solve,2742.016113
6145,2048,solve,4994.527832
6145,2048,solve,1353.312012
6145,2048,solve,1873.440063
6145,2048,solve,2755.647949
6145,2048,solve,1329.312012
6145,2048,solve,2738.144043
6145,2048,solve,3999.135986
6145,2048,solve,3521.823975
6145,2048,solve,3294.208008
6145,2048,solve,2746.656006
6145,2048,solve,2745.120117
6145,2048,solve,4623.167969
6145,2048,solve,2968.575928
6145,2048,solve,3276.992188
6145,2048,solve,1334.112061
6145,2048,solve,1337.760010
6145,2048,solve,3383.264160
6145,2048,solve,5213.888184
6145,2048,solve,2749.088135
6145,2048,solve,2734.848145
6145,2048,solve,2733.312012
6145,2048,solve,3516.927979
6145,2048,solve,4600.895996
6145,2048,solve,2737.440186
6145,2048,solve,2731.328125
6145,2048,solve,2754.239990
6145,2048,solve,2733.343994
6145,2048,solve,2736.831787
6145,2048,solve,2731.520020
6145,2048,solve,2727.776123
6145,2048,solve,2740.320068
6145,2048,solve,2731.488037
6145,2048,solve,5042.848145
6145,2048,solve,3301.023926
6145,2048,solve,2758.080078
6145,2048,solve,2738.144043
6145,2048,solve,2744.384033
6145,2048,solve,3199.615967
6145,2048,solve,2954.976074
6145,2048,solve,3082.432129
6145,2048,solve,3166.080078
6145,2048,solve,4628.704102
6145,2048,solve,3130.815918
6145,2048,solve,2738.944092
6145,2048,solve,3236.416016
6145,2048,solve,2737.951904
6145,2048,solve,2739.456055
6145,2048,solve,2746.016113
6145,2048,solve,2734.719971
6145,2048,solve,1332.864014
6145,2048,solve,2739.200195
6145,2048,solve,2747.263916
6145,2048,solve,5033.664062
6145,2048,solve,3231.104004
6145,2048,solve,2745.248047
6145,2048,solve,2743.647949
6145,2048,solve,2756.095947
6145,2048,solve,5096.928223
6145,2048,solve,3233.664062
6145,2048,solve,2745.663818
6145,2048,solve,2748.095947
6145,2048,solve,3370.112061
6145,2048,solve,4074.367920
6145,2048,solve,3230.815918
6145,2048,solve,2757.343994
6145,2048,solve,2762.208008
6145,2048,solve,4004.704102
6145,2048,solve,3488.735840
6145,2048,solve,2756.352051
6145,2048,solve,3163.327881
6145,2048,solve,1365.632080
6145,2048,solve,2745.760010
6145,2048,solve,1333.152100
6145,2048,solve,2755.072021
6145,2048,solve,2740.832031
6145,2048,solve,2747.520020
6145,2048,solve,2761.791992
6145,2048,solve,3365.312012
6145,2048,solve,4058.144043
6145,2048,solve,3297.439941
6145,2048,solve,2748.672119
6145,2048,solve,3006.016113
6145,2048,solve,4625.728027
6145,2048,solve,2984.256104
6145,2048,solve,3274.528076
6145,2048,solve,2750.560059
6145,2048,solve,2743.808105
6145,2048,solve,2748.703857
6145,2048,solve,2745.055908
6145,2048,solve,2747.360107
6145,2048,solve,2753.248047
6145,2048,solve,2744.704102
6145,2048,solve,4611.296387
6145,2048,solve,3495.488037
6145,2048,solve,2751.296143
6145,2048,solve,2741.951904
6145,2048,solve,2770.944092
6145,2048,solve,1335.935913
6145,2048,solve,2748.511963
6145,2048,solve,2778.847900
6145,2048,solve,2741.343994
6145,2048,solve,2739.008057
6145,2048,solve,2744.191895
6145,2048,solve,4637.312012
6145,2048,solve,2744.095947
6145,2048,solve,3267.456055
6145,2048,solve,2746.239990
6145,2048,solve,4614.240234
6145,2048,solve,2958.015869
6145,2048,solve,2746.592041
6145,2048,solve,3288.991943
6145,2048,solve,2756.671875
6145,2048,solve,4944.191895
6145,2048,solve,2770.656006
6145,2048,solve,2752.352051
6145,2048,solve,3275.680176
6145,2048,solve,2759.615967
6145,2048,solve,4649.824219
6145,2048,solve,3283.391846
6145,2048,solve,2747.167969
6145,2048,solve,2735.135986
6145,2048,solve,3352.256104
6145,2048,solve,2673.504150
6145,2048,solve,3207.007812
6145,2048,solve,2738.847900
6145,2048,solve,2738.080078
6145,2048,solve,2733.952148
6145,2048,solve,1972.735962
6145,2048,solve,4035.327881
6145,2048,solve,3216.288086
6145,2048,solve,1348.479980
6145,2048,solve,2738.784180
6145,2048,solve,2729.696045
6145,2048,solve,5028.672363
6145,2048,solve,2749.631836
6145,2048,solve,3273.951904
6145,2048,solve,2739.424072
6145,2048,solve,2741.535889
6145,2048,solve,5211.552246
6145,2048,solve,2736.831787
6145,2048,solve,2733.983887
6145,2048,solve,1332.000000
6145,2048,solve,2736.063965
6145,2048,solve,1333.119995
6145,2048,solve,5108.352051
6145,2048,solve,2735.519775
6145,2048,solve,2759.072021
6145,2048,solve,2085.184082
6145,2048,solve,2728.991943
6145,2048,solve,2678.015869
6145,2048,solve,4005.087891
6145,2048,solve,2739.456055
6145,2048,solve,2735.264160
6145,2048,solve,2732.127930
6145,2048,solve,4640.799805
6145,2048,solve,3550.303955
6145,2048,solve,2748.800049
6145,2048,solve,2747.008057
6145,2048,solve,2742.944092
6145,2048,solve,5055.679688
6145,2048,solve,1355.135986
6145,2048,solve,3159.744141
6145,2048,solve,1328.351929
6145,2048,solve,2764.928223
6145,2048,solve,3367.040039
6145,2048,solve,4073.056152
6145,2048,solve,1346.208008
6145,2048,solve,1859.488037
6145,2048,solve,1333.631958
6145,2048,solve,2746.560059
6145,2048,solve,2737.983887
6145,2048,solve,4993.887695
6145,2048,solve,2748.895996
6145,2048,solve,3275.039795
6145,2048,solve,1331.647949
6145,2048,solve,2743.455811
6145,2048,solve,1350.816040
6145,2048,solve,5220.127930
6145,2048,solve,2773.983887
6145,2048,solve,2738.976074
6145,2048,solve,2741.375977
6145,2048,solve,3364.768066
6145,2048,solve,4549.023926
6145,2048,solve,2742.399902
6145,2048,solve,2745.215820
6145,2048,solve,2740.351807
6145,2048,solve,3377.120117
6145,2048,solve,4557.119629
6145,2048,solve,1350.527954
6145,2048,solve,1331.328003
6145,2048,solve,1331.168091
6145,2048,solve,2739.615967
6145,2048,solve,2741.216064
6145,2048,solve,5008.768066
6145,2048,solve,3278.752197
6145,2048,solve,2751.583984
6145,2048,solve,2748.192139
6145,2048,solve,1325.407959
6145,2048,solve,1957.856079
6145,2048,solve,2652.287842
6145,2048,solve,2739.936035
6145,2048,solve,3180.384033
6145,2048,solve,2760.639893
6145,2048,solve,1339.936035
6145,2048,solve,4002.208252
6145,2048,solve,3513.375977
6145,2048,solve,3221.247803
6145,2048,solve,1329.696045
6145,2048,solve,2741.600098
6145,2048,solve,2740.063965
6145,2048,solve,2645.919922
6145,2048,solve,3517.728027
6145,2048,solve,1325.664062
6145,2048,solve,3285.919922
6145,2048,solve,1327.167969
6145,2048,solve,1331.231934
6145,2048,solve,3995.456055
6145,2048,solve,4418.304199
6145,2048,solve,3050.784180
6145,2048,solve,1366.592041
6145,2048,solve,1329.920044
6145,2048,solve,1321.375977
6145,2048,solve,3370.976074
6145,2048,solve,4536.832031
6145,2048,solve,2750.528076
6145,2048,solve,1334.400024
6145,2048,solve,2751.872070
6145,2048,solve,3368.352051
6145,2048,solve,2655.008057
6145,2048,solve,1337.471924
6145,2048,solve,3225.631836
6145,2048,solve,1335.680054
6145,2048,solve,2757.248047
6145,2048,solve,2749.088135
6145,2048,solve,1336.640015
6145,2048,solve,4952.735840
6145,2048,solve,2749.631836
6145,2048,solve,1816.640015
6145,2048,solve,1334.239990
6145,2048,solve,2746.144043
6145,2048,solve,4009.471924
6145,2048,solve,3561.055908
6145,2048,solve,3228.127930
6145,2048,solve,2747.583984
6145,2048,solve,2758.847900
6145,2048,solve,5570.432129
6145,2048,solve,2759.455811
6145,2048,solve,1332.735962
6145,2048,solve,2740.959961
6145,2048,solve,2751.904053
6145,2048,solve,4981.567871
6145,2048,solve,3283.584229
6145,2048,solve,2760.320068
6145,2048,solve,2746.432129
6145,2048,solve,3355.263916
6145,2048,solve,4074.719971
6145,2048,solve,3222.752197
6145,2048,solve,2750.047852
6145,2048,solve,2745.600098
6145,2048,solve,4005.919922
6145,2048,solve,3512.736084
6145,2048,solve,1329.887939
6145,2048,solve,3302.303955
6145,2048,solve,1334.336060
6145,2048,solve,2761.728027
6145,2048,solve,4017.695801
6145,2048,solve,3477.920166
6145,2048,solve,1333.215942
6145,2048,solve,3274.751953
6145,2048,solve,2744.191895
6145,2048,solve,2756.256104
6145,2048,solve,5045.023926
6145,2048,solve,2741.055908
6145,2048,solve,3284.352051
6145,2048,solve,2747.231934
6145,2048,solve,1329.632080
6145,2048,solve,4998.432129
6145,2048,solve,1351.647949
6145,2048,solve,2744.640137
6145,2048,solve,3308.063965
6145,2048,solve,2749.023926
6145,2048,solve,4624.192383
6145,2048,solve,3527.583984
6145,2048,solve,2748.000000
6145,2048,solve,2746.367920
6145,2048,solve,2739.840088
6145,2048,solve,5462.304199
6145,2048,solve,3307.840088
6145,2048,solve,2751.615967
6145,2048,solve,2742.399902
6145,2048,solve,2739.072021
6145,2048,solve,3465.471924
6145,2048,solve,3212.063965
6145,2048,solve,1337.631958
6145,2048,solve,2759.552002
6145,2048,solve,1340.223999
6145,2048,solve,2740.992188
6145,2048,solve,4979.775879
6145,2048,solve,2744.095947
6145,2048,solve,3159.775879
6145,2048,solve,2742.751953
6145,2048,solve,2742.432129
6145,2048,solve,1963.423950
6145,2048,solve,4059.008057
6145,2048,solve,1344.287964
6145,2048,solve,3278.687988
6145,2048,solve,2746.719971
6145,2048,solve,4033.408203
6145,2048,solve,4020.063965
6145,2048,solve,2751.327881
6145,2048,solve,2746.144043
6145,2048,solve,2744.991943
6145,2048,solve,5029.344238
6145,2048,solve,1821.791992
6145,2048,solve,2746.880127
6145,2048,solve,1353.312012
6145,2048,solve,2747.647949
6145,2048,solve,3993.087891
6145,2048,solve,3517.760010
6145,2048,solve,3279.295898
6145,2048,solve,1327.648071
6145,2048,solve,2743.263916
6145,2048,solve,1325.216064
6145,2048,solve,4989.759766
6145,2048,solve,1328.640015
6145,2048,solve,2746.112061
6145,2048,solve,1879.456055
6145,2048,solve,1328.927979
6145,2048,solve,2747.807861
6145,2048,solve,2649.600098
6145,2048,solve,3997.312012
6145,2048,solve,2746.303955
6145,2048,solve,2745.887939
6145,2048,solve,2735.647949
6145,2048,solve,5099.071777
6145,2048,solve,1357.632080
6145,2048,solve,3292.736084
6145,2048,solve,2750.144043
6145,2048,solve,2745.824219
6145,2048,solve,2719.135986
6145,2048,solve,3487.072021
6145,2048,solve,3217.216064
6145,2048,solve,2744.352051
6145,2048,solve,1352.095947
6145,2048,solve,4635.583984
6145,2048,solve,3501.600098
6145,2048,solve,2753.855957
6145,2048,solve,2755.775879
6145,2048,solve,1335.520020
6145,2048,solve,4623.583984
6145,2048,solve,1566.527954
6145,2048,solve,1352.000000
6145,2048,solve,3152.607910
6145,2048,solve,1336.735962
6145,2048,solve,2747.040039
6145,2048,solve,4647.359863
6145,2048,solve,3894.335938
6145,2048,solve,3313.535889
6145,2048,solve,2761.087891
6145,2048,solve,2743.936035
6145,2048,solve,5100.479980
6145,2048,solve,2755.295898
6145,2048,solve,3288.671875
6145,2048,solve,2744.416016
6145,2048,solve,2753.696045
6145,2048,solve,2740.544189
6145,2048,solve,2741.023926
6145,2048,solve,2741.600098
6145,2048,solve,2731.775879
6145,2048,solve,2739.392090
6145,2048,solve,5021.791992
6145,2048,solve,3295.775879
6145,2048,solve,1336.479980
6145,2048,solve,2745.728027
6145,2048,solve,2757.600098
6145,2048,solve,2741.695801
6145,2048,solve,2746.367920
6145,2048,solve,2950.495850
6145,2048,solve,2753.823975
6145,2048,solve,3362.656006
6145,2048,solve,4362.304199
6145,2048,solve,3513.823975
6145,2048,solve,3234.144043
6145,2048,solve,2749.919922
6145,2048,solve,2765.696045
6145,2048,solve,4951.520020
6145,2048,solve,2753.567871
6145,2048,solve,3233.952148
6145,2048,solve,2748.384033
6145,2048,solve,2740.639893
6145,2048,solve,2763.808105
6145,2048,solve,2763.263916
6145,2048,solve,2747.456055
6145,2048,solve,2746.144043
6145,2048,solve,2736.416016
6145,2048,solve,4622.208008
6145,2048,solve,1562.656006
6145,2048,solve,3286.015869
6145,2048,solve,2743.135986
6145,2048,solve,2762.016113
6145,2048,solve,1325.631958
6145,2048,solve,2742.271973
6145,2048,solve,2740.096191
6145,2048,solve,2739.648193
6145,2048,solve,2739.392090
6145,2048,solve,2743.488037
6145,2048,solve,4026.303711
6145,2048,solve,3470.271973
6145,2048,solve,2740.832031
6145,2048,solve,3301.503906
6145,2048,solve,1334.271973
6145,2048,solve,4635.392090
6145,2048,solve,3630.880127
6145,2048,solve,2784.224121
6145,2048,solve,1359.680054
6145,2048,solve,2745.215820
6145,2048,solve,3406.239990
6145,2048,solve,4055.583984
6145,2048,solve,3291.008057
6145,2048,solve,2747.296143
6145,2048,solve,2742.528076
6145,2048,solve,4014.912109
6145,2048,solve,4068.863770
6145,2048,solve,3319.008057
6145,2048,solve,2779.040039
6145,2048,solve,2741.280029
6145,2048,solve,2740.704102
6145,2048,solve,2735.904053
6145,2048,solve,2745.376221
6145,2048,solve,2743.520020
6145,2048,solve,2746.144043
6145,2048,solve,5003.200195
6145,2048,solve,3296.799805
6145,2048,solve,2749.728027
6145,2048,solve,2743.743896
6145,2048,solve,2744.064209
6145,2048,solve,2744.319824
6145,2048,solve,2738.912109
6145,2048,solve,2739.135986
6145,2048,solve,2742.496094
6145,2048,solve,2738.976074
6145,2048,solve,4993.055664
6145,2048,solve,2746.687988
6145,2048,solve,3283.423828
6145,2048,solve,2745.120117
6145,2048,solve,2773.279785
6145,2048,solve,5251.295898
6145,2048,solve,2748.927979
6145,2048,solve,2744.319824
6145,2048,solve,2746.560059
6145,2048,solve,3368.352051
6145,2048,solve,2659.456055
6145,2048,solve,1752.447998
6145,2048,solve,2762.432129
6145,2048,solve,1339.007935
6145,2048,solve,1328.479980
6145,2048,solve,2745.824219
6145,2048,solve,3360.320068
6145,2048,solve,4524.256348
6145,2048,solve,2766.687988
6145,2048,solve,2762.783936
6145,2048,solve,2743.743896
6145,2048,solve,3365.503906
6145,2048,solve,4495.520020
6145,2048,solve,2762.303955
6145,2048,solve,2747.647949
6145,2048,solve,2755.264160
6145,2048,solve,4008.096191
6145,2048,solve,3501.023926
6145,2048,solve,3176.768066
6145,2048,solve,2747.040039
6145,2048,solve,2741.087891
6145,2048,solve,4626.463867
6145,2048,solve,1550.560059
6145,2048,solve,3226.847900
6145,2048,solve,2748.320068
6145,2048,solve,2746.975830
6145,2048,solve,2743.840088
6145,2048,solve,4630.879883
6145,2048,solve,3216.895996
6145,2048,solve,2747.391846
6145,2048,solve,1363.807983
6145,2048,solve,2741.280029
6145,2048,solve,4987.008301
6145,2048,solve,2759.040039
6145,2048,solve,1325.631958
6145,2048,solve,3171.904053
6145,2048,solve,2743.840088
6145,2048,solve,5452.640137
6145,2048,solve,2984.639893
6145,2048,solve,3251.744141
6145,2048,solve,2749.728027
6145,2048,solve,2744.256104
6145,2048,solve,5040.832031
6145,2048,solve,2759.679932
6145,2048,solve,3230.463867
6145,2048,solve,2747.679932
6145,2048,solve,2746.079834
6145,2048,solve,5512.288086
6145,2048,solve,2742.912109
6145,2048,solve,2747.296143
6145,2048,solve,2739.200195
6145,2048,solve,3375.552002
6145,2048,solve,4072.288086
6145,2048,solve,3183.968018
6145,2048,solve,2738.144043
6145,2048,solve,2732.287842
6145,2048,solve,3996.416016
6145,2048,solve,3513.407959
6145,2048,solve,3284.800049
6145,2048,solve,2749.183838
6145,2048,solve,2732.543945
6145,2048,solve,4621.600098
6145,2048,solve,2952.672119
6145,2048,solve,3284.095947
6145,2048,solve,2734.208008
6145,2048,solve,2732.160156
6145,2048,solve,4978.815918
6145,2048,solve,2762.751953
6145,2048,solve,3294.143799
6145,2048,solve,2736.704102
6145,2048,solve,3356.319824
6145,2048,solve,4559.647949
6145,2048,solve,2751.359863
6145,2048,solve,2744.031982
6145,2048,solve,2740.288086
6145,2048,solve,4005.343994
6145,2048,solve,3961.119873
6145,2048,solve,2738.208008
6145,2048,solve,2736.384033
6145,2048,solve,2726.560059
6145,2048,solve,3981.312012
6145,2048,solve,3991.104004
6145,2048,solve,2729.599854
6145,2048,solve,2732.223877
6145,2048,solve,2727.647949
6145,2048,solve,4608.320312
6145,2048,solve,3437.791992
6145,2048,solve,2744.511963
6145,2048,solve,2735.743896
6145,2048,solve,2729.151855
6145,2048,solve,4945.343750
6145,2048,solve,2733.855957
6145,2048,solve,3144.352051
6145,2048,solve,2736.000000
6145,2048,solve,2731.391846
6145,2048,solve,5026.815918
6145,2048,solve,2727.072021
6145,2048,solve,4160.639648
6145,2048,solve,2750.335938
6145,2048,solve,4006.368164
6145,2048,solve,3509.984131
6145,2048,solve,3213.023926
6145,2048,solve,2731.807861
6145,2048,solve,2733.407959
6145,2048,solve,3999.360107
6145,2048,solve,3469.568115
6145,2048,solve,2738.112061
6145,2048,solve,3289.887939
6145,2048,solve,2740.096191
6145,2048,solve,5002.175781
6145,2048,solve,3156.895996
6145,2048,solve,2732.927979
6145,2048,solve,2732.543945
6145,2048,solve,2734.015869
6145,2048,solve,2657.823975
6145,2048,solve,3975.807861
6145,2048,solve,2742.080078
6145,2048,solve,2747.839844
6145,2048,solve,2737.791992
6145,2048,solve,4627.872070
6145,2048,solve,3439.199951
6145,2048,solve,1353.248047
6145,2048,solve,2746.079834
6145,2048,solve,2738.976074
6145,2048,solve,1330.335938
6145,2048,solve,4991.136230
6145,2048,solve,1348.832031
6145,2048,solve,1329.728027
6145,2048,solve,3191.615967
6145,2048,solve,2747.136230
6145,2048,solve,2738.560059
6145,2048,solve,5027.488281
6145,2048,solve,1342.368042
6145,2048,solve,3281.120117
6145,2048,solve,2747.904053
6145,2048,solve,2755.520020
6145,2048,solve,5066.687988
6145,2048,solve,2743.360107
6145,2048,solve,3277.440186
6145,2048,solve,2763.711914
6145,2048,solve,3367.008057
6145,2048,solve,4531.167969
6145,2048,solve,2745.824219
6145,2048,solve,2746.016113
6145,2048,solve,2754.944092
6145,2048,solve,3385.407959
6145,2048,solve,4550.720215
6145,2048,solve,2750.335938
6145,2048,solve,2744.543945
6145,2048,solve,2739.872070
6145,2048,solve,3996.639893
6145,2048,solve,4049.183838
6145,2048,solve,2761.439941
6145,2048,solve,2744.256104
6145,2048,solve,2741.120117
6145,2048,solve,4616.511719
6145,2048,solve,2970.751953
6145,2048,solve,3293.919922
6145,2048,solve,2744.735840
6145,2048,solve,2739.072021
6145,2048,solve,5249.631836
6145,2048,solve,3547.936035
6145,2048,solve,2754.879883
6145,2048,solve,2745.312012
6145,2048,solve,4619.135742
6145,2048,solve,2973.472168
6145,2048,solve,3233.184082
6145,2048,solve,2745.791992
6145,2048,solve,2763.456055
6145,2048,solve,4957.695801
6145,2048,solve,2752.639893
6145,2048,solve,2736.671875
6145,2048,solve,3303.679932
6145,2048,solve,2742.624023
6145,2048,solve,4984.511719
6145,2048,solve,3177.664062
6145,2048,solve,2743.871826
6145,2048,solve,2737.920166
6145,2048,solve,2757.152100
6145,2048,solve,5063.808105
6145,2048,solve,3280.927979
6145,2048,solve,2805.375977
6145,2048,solve,2737.760010
6145,2048,solve,3363.040039
6145,2048,solve,4078.656250
6145,2048,solve,3282.016113
6145,2048,solve,2747.328125
6145,2048,solve,2739.487793
6145,2048,solve,4023.871826
6145,2048,solve,3515.583984
6145,2048,solve,3286.144043
6145,2048,solve,2748.287842
6145,2048,solve,2744.735840
6145,2048,solve,4624.704102
6145,2048,solve,2989.855957
6145,2048,solve,3284.447998
6145,2048,solve,2745.568115
6145,2048,solve,2763.552002
6145,2048,solve,4956.352051
6145,2048,solve,2748.159912
6145,2048,solve,3278.719971
6145,2048,solve,2746.239990
6145,2048,solve,2748.320068
6145,2048,solve,5069.183594
6145,2048,solve,2761.312012
6145,2048,solve,1327.583984
6145,2048,solve,3165.632080
6145,2048,solve,2749.280029
6145,2048,solve,5097.023926
6145,2048,solve,3277.664062
6145,2048,solve,2747.488037
6145,2048,solve,2758.399902
6145,2048,solve,3382.496094
6145,2048,solve,4071.711914
6145,2048,solve,1873.791992
6145,2048,solve,2744.767822
6145,2048,solve,1338.111938
6145,2048,solve,2741.184082
6145,2048,solve,3373.536133
6145,2048,solve,2662.784180
6145,2048,solve,3221.375977
6145,2048,solve,2748.224121
6145,2048,solve,2760.127930
6145,2048,solve,5601.503906
6145,2048,solve,1598.943970
6145,2048,solve,2742.815918
6145,2048,solve,3290.271973
6145,2048,solve,2744.672119
6145,2048,solve,3368.736084
6145,2048,solve,2650.847900
6145,2048,solve,2747.807861
6145,2048,solve,3232.352051
6145,2048,solve,2748.352051
6145,2048,solve,2752.608154
6145,2048,solve,2741.887939
6145,2048,solve,2742.208008
6145,2048,solve,2739.424072
6145,2048,solve,2760.575928
6145,2048,solve,2738.431885
6145,2048,solve,2747.968018
6145,2048,solve,4656.576172
6145,2048,solve,3256.800049
6145,2048,solve,2749.984131
6145,2048,solve,2742.432129
6145,2048,solve,2944.159912
6145,2048,solve,3020.895996
6145,2048,solve,3355.647949
6145,2048,solve,1343.520020
6145,2048,solve,3187.520020
6145,2048,solve,3390.624023
6145,2048,solve,4201.471680
6145,2048,solve,1335.583984
6145,2048,solve,1331.616089
6145,2048,solve,3262.720215
6145,2048,solve,2749.280029
6145,2048,solve,2742.048096
6145,2048,solve,2742.399902
6145,2048,solve,1330.144043
6145,2048,solve,2741.856201
6145,2048,solve,2736.479980
6145,2048,solve,1325.216064
6145,2048,solve,3372.064209
6145,2048,solve,2645.024170
6145,2048,solve,1346.400024
6145,2048,solve,3284.640137
6145,2048,solve,2749.280029
6145,2048,solve,2744.064209
6145,2048,solve,4002.592041
6145,2048,solve,3498.431885
6145,2048,solve,3280.191895
6145,2048,solve,2749.023926
6145,2048,solve,2745.984131
6145,2048,solve,4980.512207
6145,2048,solve,2741.695801
6145,2048,solve,3284.735840
6145,2048,solve,2752.768066
6145,2048,solve,2747.423828
6145,2048,solve,2748.511963
6145,2048,solve,2744.672119
6145,2048,solve,2738.976074
6145,2048,solve,2738.847900
6145,2048,solve,2754.623779
6145,2048,solve,5102.399902
6145,2048,solve,1332.543945
6145,2048,solve,3296.511963
6145,2048,solve,2770.335938
6145,2048,solve,2745.183838
6145,2048,solve,2763.679932
6145,2048,solve,1323.359985
6145,2048,solve,2745.663818
6145,2048,solve,2738.719971
6145,2048,solve,2738.336182
6145,2048,solve,1350.208008
6145,2048,solve,5846.975586
6145,2048,solve,2764.319824
6145,2048,solve,3235.167969
6145,2048,solve,2753.599854
6145,2048,solve,2766.656006
6145,2048,solve,5127.136230
6145,2048,solve,2743.072021
6145,2048,solve,2748.287842
6145,2048,solve,2748.864014
6145,2048,solve,3370.783936
6145,2048,solve,4067.552002
6145,2048,solve,3283.871826
6145,2048,solve,1336.128052
6145,2048,solve,2743.520020
6145,2048,solve,2745.215820
6145,2048,solve,2688.319824
6145,2048,solve,3519.360107
6145,2048,solve,3299.455811
6145,2048,solve,2747.360107
6145,2048,solve,2742.080078
6145,2048,solve,1335.328003
6145,2048,solve,3234.335938
6145,2048,solve,1328.575928
6145,2048,solve,3227.839844
6145,2048,solve,1332.064087
6145,2048,solve,2744.191895
6145,2048,solve,1328.608032
6145,2048,solve,3373.600098
6145,2048,solve,4065.823975
6145,2048,solve,2746.848145
6145,2048,solve,3275.872070
6145,2048,solve,2749.855957
6145,2048,solve,3361.536133
6145,2048,solve,4620.351562
6145,2048,solve,2748.735840
6145,2048,solve,2742.335938
6145,2048,solve,2744.640137
6145,2048,solve,1331.904053
6145,2048,solve,4999.744141
6145,2048,solve,1330.239990
6145,2048,solve,2744.991943
6145,2048,solve,3282.272217
6145,2048,solve,1345.952026
6145,2048,solve,2757.280029
6145,2048,solve,5596.000000
6145,2048,solve,1349.056030
6145,2048,solve,2746.271973
6145,2048,solve,2741.856201
6145,2048,solve,2740.575928
6145,2048,solve,5105.408203
6145,2048,solve,1813.760010
6145,2048,solve,1351.488037
6145,2048,solve,2740.992188
6145,2048,solve,1337.856079
6145,2048,solve,2744.640137
6145,2048,solve,1336.416016
6145,2048,solve,3246.815918
6145,2048,solve,1327.744019
6145,2048,solve,3235.583984
6145,2048,solve,1327.232056
6145,2048,solve,1353.375977
6145,2048,solve,2762.624023
6145,2048,solve,1327.232056
6145,2048,solve,5021.567871
6145,2048,solve,2749.439941
6145,2048,solve,1861.664062
6145,2048,solve,2749.631836
6145,2048,solve,1338.911987
6145,2048,solve,2744.575928
6145,2048,solve,2652.224121
6145,2048,solve,2074.431885
6145,2048,solve,1326.751953
6145,2048,solve,3218.239990
6145,2048,solve,1767.583984
6145,2048,solve,2747.167969
6145,2048,solve,1368.352051
6145,2048,solve,1338.304077
6145,2048,solve,2738.719971
6145,2048,solve,1332.959961
6145,2048,solve,2740.672119
6145,2048,solve,1330.848022
6145,2048,solve,2735.456055
6145,2048,solve,1330.528076
6145,2048,solve,4620.000000
6145,2048,solve,3440.959961
6145,2048,solve,2751.231934
6145,2048,solve,2743.072021
6145,2048,solve,1327.583984
6145,2048,solve,4625.439941
6145,2048,solve,1538.208008
6145,2048,solve,2745.887939
6145,2048,solve,1748.352051
6145,2048,solve,2745.728027
6145,2048,solve,1329.119995
6145,2048,solve,1329.760010
6145,2048,solve,5067.679688
6145,2048,solve,1326.656006
6145,2048,solve,2743.007812
6145,2048,solve,3279.104004
6145,2048,solve,1354.143921
6145,2048,solve,1343.680054
6145,2048,solve,4687.647949
6145,2048,solve,3277.471924
6145,2048,solve,1329.216064
6145,2048,solve,2746.751953
6145,2048,solve,2743.423828
6145,2048,solve,5121.344238
6145,2048,solve,3230.335938
6145,2048,solve,2743.072021
6145,2048,solve,2745.280029
6145,2048,solve,1363.615967
6145,2048,solve,5163.839844
6145,2048,solve,1335.456055
6145,2048,solve,2746.783936
6145,2048,solve,1332.832031
6145,2048,solve,2743.007812
6145,2048,solve,3366.336182
6145,2048,solve,2632.095947
6145,2048,solve,3280.512207
6145,2048,solve,1338.495972
6145,2048,solve,2744.159912
6145,2048,solve,1321.215942
6145,2048,solve,2751.904053
6145,2048,solve,3248.192139
6145,2048,solve,3218.463867
6145,2048,solve,2764.735840
6145,2048,solve,1329.663940
6145,2048,solve,1338.368042
6145,2048,solve,2743.007812
6145,2048,solve,1338.783936
6145,2048,solve,3201.280029
6145,2048,solve,1321.375977
6145,2048,solve,3228.384033
6145,2048,solve,1334.592041
6145,2048,solve,1332.543945
6145,2048,solve,1355.135986
6145,2048,solve,2744.031982
6145,2048,solve,4981.728027
6145,2048,solve,2761.215820
6145,2048,solve,3286.656006
6145,2048,solve,1332.991943
6145,2048,solve,2744.704102
6145,2048,solve,3995.008057
6145,2048,solve,3513.280029
6145,2048,solve,1331.904053
6145,2048,solve,3276.511963
6145,2048,solve,2740.223877
6145,2048,solve,2739.104004
6145,2048,solve,2674.208008
6145,2048,solve,3497.983887
6145,2048,solve,2741.600098
6145,2048,solve,3869.375977
6145,2048,solve,1343.647949
6145,2048,solve,1329.056030
6145,2048,solve,1966.624023
6145,2048,solve,4617.631836
6145,2048,solve,1330.207886
6145,2048,solve,1327.839966
6145,2048,solve,2743.616211
6145,2048,solve,2771.615967
6145,2048,solve,1325.472046
6145,2048,solve,5001.759766
6145,2048,solve,1881.760010
6145,2048,solve,1335.583984
6145,2048,solve,2750.495850
6145,2048,solve,1329.984009
6145,2048,solve,2741.312012
6145,2048,solve,1336.384033
6145,2048,solve,3240.768066
6145,2048,solve,3235.840088
6145,2048,solve,1338.943970
6145,2048,solve,1334.112061
6145,2048,solve,2744.607910
6145,2048,solve,1325.952026
6145,2048,solve,2743.199951
6145,2048,solve,3218.336182
6145,2048,solve,1329.216064
6145,2048,solve,1336.000000
6145,2048,solve,3272.768066
6145,2048,solve,2749.120117
6145,2048,solve,1326.848022
6145,2048,solve,2749.984131
6145,2048,solve,4719.520020
6145,2048,solve,1337.695923
6145,2048,solve,3284.991943
6145,2048,solve,1342.079956
6145,2048,solve,2772.447998
6145,2048,solve,1334.432007
6145,2048,solve,4983.679688
6145,2048,solve,2750.335938
6145,2048,solve,1867.744019
6145,2048,solve,2773.503906
6145,2048,solve,1351.104004
6145,2048,solve,2736.128174
6145,2048,solve,2649.535889
6145,2048,solve,3507.711914
6145,2048,solve,3211.647949
6145,2048,solve,1335.807983
6145,2048,solve,1325.536011
6145,2048,solve,1339.424072
6145,2048,solve,2761.887939
6145,2048,solve,4892.608398
6145,2048,solve,1335.744019
6145,2048,solve,3212.991943
6145,2048,solve,2761.728027
6145,2048,solve,1332.128052
6145,2048,solve,1338.592041
6145,2048,solve,4958.591797
6145,2048,solve,1351.040039
6145,2048,solve,2742.144043
6145,2048,solve,3228.032227
6145,2048,solve,1338.752075
6145,2048,solve,2750.911865
6145,2048,solve,4994.304199
6145,2048,solve,1873.471924
6145,2048,solve,2746.656006
6145,2048,solve,1335.744019
6145,2048,solve,2749.664062
6145,2048,solve,1346.752075
6145,2048,solve,1329.696045
6145,2048,solve,2660.352051
6145,2048,solve,2078.335938
6145,2048,solve,3271.296143
6145,2048,solve,2741.535889
6145,2048,solve,2744.127930
6145,2048,solve,3370.752197
6145,2048,solve,4072.320068
6145,2048,solve,3275.295898
6145,2048,solve,1328.992065
6145,2048,solve,2732.416016
6145,2048,solve,1325.888062
6145,2048,solve,3348.704102
6145,2048,solve,4432.159668
6145,2048,solve,1330.495972
6145,2048,solve,1866.624023
6145,2048,solve,2755.552002
6145,2048,solve,1330.207886
6145,2048,solve,1339.040039
6145,2048,solve,5002.495605
6145,2048,solve,1344.383911
6145,2048,solve,1327.712036
6145,2048,solve,3238.944092
6145,2048,solve,1334.911987
6145,2048,solve,2727.456055
6145,2048,solve,3990.432129
6145,2048,solve,2601.536133
6145,2048,solve,2736.128174
6145,2048,solve,2736.000000
6145,2048,solve,2729.023926
6145,2048,solve,1326.143921
6145,2048,solve,4618.784180
6145,2048,solve,1546.527954
6145,2048,solve,3149.760010
6145,2048,solve,2747.104004
6145,2048,solve,1326.527954
6145,2048,solve,1351.936035
6145,2048,solve,2728.991943
6145,2048,solve,3286.495850
6145,2048,solve,1349.567993
6145,2048,solve,3273.664062
6145,2048,solve,1338.015991
6145,2048,solve,2735.872070
6145,2048,solve,1346.752075
6145,2048,solve,3371.200195
6145,2048,solve,2657.023926
6145,2048,solve,3218.463867
6145,2048,solve,2742.016113
6145,2048,solve,2741.247803
6145,2048,solve,2733.504150
6145,2048,solve,4974.592285
6145,2048,solve,3222.687988
6145,2048,solve,1329.408081
6145,2048,solve,1340.447998
6145,2048,solve,1345.664062
6145,2048,solve,1347.455933
6145,2048,solve,1344.095947
6145,2048,solve,1326.495972
6145,2048,solve,4992.319824
6145,2048,solve,2748.800049
6145,2048,solve,3183.039795
6145,2048,solve,1337.407959
6145,2048,solve,2733.248047
6145,2048,solve,1330.080078
6145,2048,solve,5095.295898
6145,2048,solve,1343.296021
6145,2048,solve,3230.432129
6145,2048,solve,1336.384033
6145,2048,solve,2733.343994
6145,2048,solve,4949.600098
6145,2048,solve,3299.007812
6145,2048,solve,2750.463867
6145,2048,solve,2762.944092
6145,2048,solve,1330.687988
6145,2048,solve,4002.592041
6145,2048,solve,2099.839844
6145,2048,solve,1813.567993
6145,2048,solve,2748.511963
6145,2048,solve,1334.880005
6145,2048,solve,2760.895996
6145,2048,solve,1342.496094
6145,2048,solve,1331.264038
6145,2048,solve,1971.040039
6145,2048,solve,4061.088135
6145,2048,solve,1872.416016
6145,2048,solve,1340.352051
6145,2048,solve,2747.679932
6145,2048,solve,2743.776123
6145,2048,solve,1976.000000
6145,2048,solve,4295.711914
6145,2048,solve,3249.183838
6145,2048,solve,2757.919922
6145,2048,solve,3361.183838
6145,2048,solve,1353.791992
6145,2048,solve,4667.231934
6145,2048,solve,1336.223999
6145,2048,solve,3262.016113
6145,2048,solve,2771.583984
6145,2048,solve,2764.640137
6145,2048,solve,1965.055908
6145,2048,solve,2662.719971
6145,2048,solve,2743.135986
6145,2048,solve,1325.823975
6145,2048,solve,1812.288086
6145,2048,solve,1344.063965
6145,2048,solve,2744.895996
6145,2048,solve,2743.360107
6145,2048,solve,1332.447998
6145,2048,solve,2740.672119
6145,2048,solve,2743.199951
6145,2048,solve,2737.087891
6145,2048,solve,2740.416016
6145,2048,solve,4002.240234
6145,2048,solve,2071.072021
6145,2048,solve,3316.000000
6145,2048,solve,2757.632080
6145,2048,solve,2751.199951
6145,2048,solve,2742.048096
6145,2048,solve,1651.487915
6145,2048,solve,2742.975830
6145,2048,solve,3209.055908
6145,2048,solve,1337.216064
6145,2048,solve,3133.343994
6145,2048,solve,3996.511963
6145,2048,solve,2580.927979
6145,2048,solve,2742.304199
6145,2048,solve,2732.703857
6145,2048,solve,2732.384033
6145,2048,solve,2732.192139
6145,2048,solve,2730.976074
6145,2048,solve,2746.047852
6145,2048,solve,1338.143921
6145,2048,solve,2743.552002
6145,2048,solve,1323.615967
6145,2048,solve,2728.224121
6145,2048,solve,5028.768066
6145,2048,solve,3214.879883
6145,2048,solve,1338.783936
6145,2048,solve,1332.031982
6145,2048,solve,2733.920166
6145,2048,solve,1341.343994
6145,2048,solve,2740.063965
6145,2048,solve,2762.687988
6145,2048,solve,1332.767944
6145,2048,solve,1322.559937
6145,2048,solve,2731.872070
6145,2048,solve,1327.328003
6145,2048,solve,2732.703857
6145,2048,solve,5016.640137
6145,2048,solve,1887.840088
6145,2048,solve,1329.023926
6145,2048,solve,2738.496094
6145,2048,solve,1327.552002
6145,2048,solve,2731.552002
6145,2048,solve,1335.263916
6145,2048,solve,3301.600098
6145,2048,solve,3248.447998
6145,2048,solve,1342.880005
6145,2048,solve,1335.615967
6145,2048,solve,1360.671997
6145,2048,solve,2726.208008
6145,2048,solve,1324.384033
6145,2048,solve,4631.936035
6145,2048,solve,1553.855957
6145,2048,solve,3291.456055
6145,2048,solve,1343.135986
6145,2048,solve,1333.439941
6145,2048,solve,2737.632080
6145,2048,solve,1352.192017
6145,2048,solve,5029.471680
6145,2048,solve,3138.112061
6145,2048,solve,1495.648071
6145,2048,solve,1333.600098
6145,2048,solve,2740.256104
6145,2048,solve,1857.952026
6145,2048,solve,1332.191895
6145,2048,solve,4663.296387
6145,2048,solve,1327.872070
6145,2048,solve,1348.127930
6145,2048,solve,3200.768066
6145,2048,solve,1334.975952
6145,2048,solve,2766.880127
6145,2048,solve,1337.120117
6145,2048,solve,4631.840332
6145,2048,solve,2739.615967
6145,2048,solve,1874.943970
6145,2048,solve,1327.712036
6145,2048,solve,2741.632080
6145,2048,solve,3369.343994
6145,2048,solve,4585.600098
6145,2048,solve,2742.464111
6145,2048,solve,1351.871948
6145,2048,solve,2743.647949
6145,2048,solve,1327.135986
6145,2048,solve,3373.760010
6145,2048,solve,2642.944092
6145,2048,solve,3287.391846
6145,2048,solve,2745.855957
6145,2048,solve,2741.471924
6145,2048,solve,1331.871948
6145,2048,solve,4006.080078
6145,2048,solve,2084.447998
6145,2048,solve,3301.023926
6145,2048,solve,2750.144043
6145,2048,solve,2746.656006
6145,2048,solve,1340.767944
6145,2048,solve,4617.503906
6145,2048,solve,1560.832031
6145,2048,solve,3277.280029
6145,2048,solve,2751.040039
6145,2048,solve,1351.104004
6145,2048,solve,1335.968018
6145,2048,solve,1324.640015
6145,2048,solve,4979.936035
6145,2048,solve,1340.800049
6145,2048,solve,3291.392090
6145,2048,solve,2764.000000
6145,2048,solve,2750.015869
6145,2048,solve,4006.527832
6145,2048,solve,3485.439941
6145,2048,solve,1327.167969
6145,2048,solve,1751.808105
6145,2048,solve,1331.455933
6145,2048,solve,2744.704102
6145,2048,solve,1333.472046
6145,2048,solve,4007.328125
6145,2048,solve,2075.840088
6145,2048,solve,2743.360107
6145,2048,solve,3288.608154
6145,2048,solve,1333.215942
6145,2048,solve,2744.511963
6145,2048,solve,1330.943970
6145,2048,solve,1972.704102
6145,2048,solve,4049.248291
6145,2048,solve,1328.447998
6145,2048,solve,1334.784058
6145,2048,solve,3149.856201
6145,2048,solve,1346.304077
6145,2048,solve,2742.239990
6145,2048,solve,5010.047852
6145,2048,solve,1357.312012
6145,2048,solve,2757.471924
6145,2048,solve,3175.520020
6145,2048,solve,2748.255859
6145,2048,solve,1333.312012
6145,2048,solve,5097.184082
6145,2048,solve,1340.255981
6145,2048,solve,2751.968018
6145,2048,solve,1866.400024
6145,2048,solve,1341.472046
6145,2048,solve,1330.816040
6145,2048,solve,2751.968018
6145,2048,solve,1336.927979
6145,2048,solve,2767.167969
6145,2048,solve,1333.088013
6145,2048,solve,1768.576050
6145,2048,solve,1349.663940
6145,2048,solve,2742.783936
6145,2048,solve,1343.135986
6145,2048,solve,5049.888184
6145,2048,solve,1356.351929
6145,2048,solve,1330.144043
6145,2048,solve,1877.887939
6145,2048,solve,2744.288086
6145,2048,solve,1337.216064
6145,2048,solve,1334.784058
6145,2048,solve,2745.919922
6145,2048,solve,1332.319946
6145,2048,solve,2744.927979
6145,2048,solve,1335.039917
6145,2048,solve,2736.991943
6145,2048,solve,1329.471924
6145,2048,solve,1344.159912
6145,2048,solve,4015.872070
6145,2048,solve,2075.903809
6145,2048,solve,3277.087891
6145,2048,solve,1356.096069
6145,2048,solve,1338.848022
6145,2048,solve,1336.544067
6145,2048,solve,2739.072021
6145,2048,solve,5031.007812
6145,2048,solve,3233.056152
6145,2048,solve,1353.823975
6145,2048,solve,2745.407959
6145,2048,solve,1329.984009
6145,2048,solve,2736.191895
6145,2048,solve,2664.704102
6145,2048,solve,3491.488037
6145,2048,solve,1327.552002
6145,2048,solve,3279.295898
6145,2048,solve,1347.807983
6145,2048,solve,1335.360107
6145,2048,solve,2745.248047
6145,2048,solve,3249.151855
6145,2048,solve,2759.040039
6145,2048,solve,3230.432129
6145,2048,solve,1345.056030
6145,2048,solve,2746.176025
6145,2048,solve,3380.416016
6145,2048,solve,4581.600098
6145,2048,solve,2743.423828
6145,2048,solve,2744.607910
6145,2048,solve,1329.760010
6145,2048,solve,2756.447998
6145,2048,solve,4977.344238
6145,2048,solve,2790.783936
6145,2048,solve,2746.751953
6145,2048,solve,3276.895996
6145,2048,solve,1337.504028
6145,2048,solve,1333.760010
6145,2048,solve,5014.496094
6145,2048,solve,3298.847900
6145,2048,solve,1333.824097
6145,2048,solve,1332.543945
6145,2048,solve,2737.951904
6145,2048,solve,1338.528076
6145,2048,solve,5136.735840
6145,2048,solve,3226.399902
6145,2048,solve,1349.472046
6145,2048,solve,2756.992188
6145,2048,solve,1322.624023
6145,2048,solve,1324.991943
6145,2048,solve,4983.872070
6145,2048,solve,1359.647949
6145,2048,solve,1332.640015
6145,2048,solve,3281.919922
6145,2048,solve,1330.368042
6145,2048,solve,1328.992065
6145,2048,solve,2740.159912
6145,2048,solve,2647.775879
6145,2048,solve,2109.503906
6145,2048,solve,1324.831909
6145,2048,solve,1326.911987
6145,2048,solve,1811.040039
6145,2048,solve,2744.511963
6145,2048,solve,1328.703979
6145,2048,solve,2792.704102
6145,2048,solve,2666.591797
6145,2048,solve,2455.135986
6145,2048,solve,2901.952148
6145,2048,solve,1830.144043
6145,2048,solve,1350.944092
6145,2048,solve,2752.288086
6145,2048,solve,1332.479980
6145,2048,solve,1342.719971
6145,2048,solve,5173.919922
6145,2048,solve,2768.895996
6145,2048,solve,2757.632080
6145,2048,solve,2739.583984
6145,2048,solve,4004.000244
6145,2048,solve,2096.640137
6145,2048,solve,3288.127930
6145,2048,solve,1333.503906
6145,2048,solve,1353.728027
6145,2048,solve,1326.015991
6145,2048,solve,1324.704102
6145,2048,solve,2760.512207
6145,2048,solve,2651.776123
6145,2048,solve,2086.368164
6145,2048,solve,1816.447998
6145,2048,solve,2745.696045
6145,2048,solve,1337.056030
6145,2048,solve,2739.936035
6145,2048,solve,2745.152100
6145,2048,solve,5105.055664
6145,2048,solve,1822.047974
6145,2048,solve,2748.159912
6145,2048,solve,2760.000000
6145,2048,solve,1345.312012
6145,2048,solve,3363.104004
6145,2048,solve,2665.760010
6145,2048,solve,2746.751953
6145,2048,solve,1733.919922
6145,2048,solve,1340.416016
6145,2048,solve,1335.008057
6145,2048,solve,1328.160034
6145,2048,solve,1321.215942
6145,2048,solve,1362.687988
6145,2048,solve,1334.239990
6145,2048,solve,3244.767822
6145,2048,solve,1340.671997
6145,2048,solve,1331.840088
6145,2048,solve,3275.263916
6145,2048,solve,1354.719971
6145,2048,solve,1328.671997
6145,2048,solve,1338.432007
6145,2048,solve,3372.191895
6145,2048,solve,2636.224121
6145,2048,solve,1337.023926
6145,2048,solve,1330.752075
6145,2048,solve,1345.119995
6145,2048,solve,3176.192139
6145,2048,solve,1338.592041
6145,2048,solve,1345.792114
6145,2048,solve,1326.848022
6145,2048,solve,1331.680054
6145,2048,solve,3736.511963
6145,2048,solve,1329.696045
6145,2048,solve,1331.455933
6145,2048,solve,1332.160034
6145,2048,solve,1333.279907
6145,2048,solve,1332.191895
6145,2048,solve,1341.760010
6145,2048,solve,2750.176025
6145,2048,solve,1327.968018
6145,2048,solve,5132.607910
6145,2048,solve,1350.816040
6145,2048,solve,2755.775879
6145,2048,solve,1343.391968
6145,2048,solve,2741.120117
6145,2048,solve,4005.600098
6145,2048,solve,2103.520020
6145,2048,solve,1812.479980
6145,2048,solve,2754.144043
6145,2048,solve,1331.359985
6145,2048,solve,1326.464111
6145,2048,solve,2741.408203
6145,2048,solve,1327.712036
6145,2048,solve,1963.552002
6145,2048,solve,2628.575928
6145,2048,solve,1331.647949
6145,2048,solve,1753.151978
6145,2048,solve,2750.816162
6145,2048,solve,1331.840088
6145,2048,solve,2739.968018
6145,2048,solve,1327.359985
6145,2048,solve,5027.007812
6145,2048,solve,3259.520020
6145,2048,solve,1333.152100
6145,2048,solve,2752.192139
6145,2048,solve,1970.111938
6145,2048,solve,1359.264038
6145,2048,solve,5008.416016
6145,2048,solve,1332.288086
6145,2048,solve,1325.631958
6145,2048,solve,1848.703979
6145,2048,solve,2755.872070
6145,2048,solve,1349.215942
6145,2048,solve,1348.320068
6145,2048,solve,1325.503906
6145,2048,solve,1980.255981
6145,2048,solve,4078.976074
6145,2048,solve,1348.223999
6145,2048,solve,1868.479980
6145,2048,solve,2745.088135
6145,2048,solve,1331.488037
6145,2048,solve,1340.352051
6145,2048,solve,1328.447998
6145,2048,solve,5098.720215
6145,2048,solve,1338.976074
6145,2048,solve,3223.328125
6145,2048,solve,1347.648071
6145,2048,solve,1331.967896
6145,2048,solve,1329.184082
6145,2048,solve,1346.336060
6145,2048,solve,1328.959961
6145,2048,solve,5187.327637
6145,2048,solve,1336.575928
6145,2048,solve,1333.984009
6145,2048,solve,1332.800049
6145,2048,solve,2736.831787
6145,2048,solve,1343.968018
6145,2048,solve,1342.015991
6145,2048,solve,5003.936035
6145,2048,solve,1759.167969
6145,2048,solve,2748.575928
6145,2048,solve,1353.503906
6145,2048,solve,2744.640137
6145,2048,solve,1336.895996
6145,2048,solve,1323.295898
6145,2048,solve,2679.295898
6145,2048,solve,2077.696045
6145,2048,solve,1814.239990
6145,2048,solve,2746.112061
6145,2048,solve,1339.807983
6145,2048,solve,2744.224121
6145,2048,solve,2742.271973
6145,2048,solve,3281.728027
6145,2048,solve,1330.432007
6145,2048,solve,1330.144043
6145,2048,solve,1739.936035
6145,2048,solve,1333.215942
6145,2048,solve,1355.872070
6145,2048,solve,1335.039917
6145,2048,solve,1331.423950
6145,2048,solve,1329.184082
6145,2048,solve,4619.359863
6145,2048,solve,1561.312012
6145,2048,solve,3218.399902
6145,2048,solve,2735.519775
6145,2048,solve,1329.728027
6145,2048,solve,2723.167969
6145,2048,solve,2687.167969
6145,2048,solve,2074.783936
6145,2048,solve,2733.599854
6145,2048,solve,1337.056030
6145,2048,solve,1751.680054
6145,2048,solve,1331.423950
6145,2048,solve,1341.439941
6145,2048,solve,2742.912109
6145,2048,solve,2716.479980
6145,2048,solve,3481.184082
6145,2048,solve,1342.239990
6145,2048,solve,1330.463989
6145,2048,solve,3271.424072
6145,2048,solve,1336.608032
6145,2048,solve,1332.384033
6145,2048,solve,4944.959961
6145,2048,solve,1883.488037
6145,2048,solve,1338.047974
6145,2048,solve,1347.135986
6145,2048,solve,1331.871948
6145,2048,solve,1326.656006
6145,2048,solve,2727.936035
6145,2048,solve,1329.375977
6145,2048,solve,5048.351562
6145,2048,solve,3358.144043
6145,2048,solve,1336.031982
6145,2048,solve,1336.575928
6145,2048,solve,2729.023926
6145,2048,solve,1330.528076
6145,2048,solve,1982.079956
6145,2048,solve,2636.511963
6145,2048,solve,1346.495972
6145,2048,solve,1326.656006
6145,2048,solve,2110.239990
6145,2048,solve,1496.127930
6145,2048,solve,1334.911987
6145,2048,solve,1364.031982
6145,2048,solve,2739.872070
6145,2048,solve,2655.904053
6145,2048,solve,3483.616211
6145,2048,solve,1349.791992
6145,2048,solve,1740.608032
6145,2048,solve,1331.616089
6145,2048,solve,2732.447998
6145,2048,solve,1328.511963
6145,2048,solve,5057.855957
6145,2048,solve,1366.176025
6145,2048,solve,2732.095947
6145,2048,solve,1868.800049
6145,2048,solve,1351.615967
6145,2048,solve,1335.008057
6145,2048,solve,1351.264038
6145,2048,solve,2737.248047
6145,2048,solve,1335.136108
6145,2048,solve,1331.328003
6145,2048,solve,1332.223999
6145,2048,solve,1326.143921
6145,2048,solve,2752.639893
6145,2048,solve,1337.343994
6145,2048,solve,1335.199951
6145,2048,solve,1327.263916
6145,2048,solve,4635.200195
6145,2048,solve,3433.952148
6145,2048,solve,1358.495972
6145,2048,solve,1335.807983
6145,2048,solve,3025.984131
6145,2048,solve,1333.791992
6145,2048,solve,1328.192017
6145,2048,solve,1339.007935
6145,2048,solve,1848.640015
6145,2048,solve,1357.215942
6145,2048,solve,1333.920044
6145,2048,solve,1330.144043
6145,2048,solve,1599.264038
6145,2048,solve,1332.255981
6145,2048,solve,1333.279907
6145,2048,solve,2727.936035
6145,2048,solve,1347.615967
6145,2048,solve,1352.928101
6145,2048,solve,4646.624023
6145,2048,solve,1339.200073
6145,2048,solve,1328.992065
6145,2048,solve,1742.943970
6145,2048,solve,2733.248047
6145,2048,solve,1356.096069
6145,2048,solve,1340.416016
6145,2048,solve,1347.167969
6145,2048,solve,1336.927979
6145,2048,solve,1332.064087
6145,2048,solve,1326.271973
6145,2048,solve,1332.927979
6145,2048,solve,1322.239990
6145,2048,solve,2739.840088
6145,2048,solve,1327.167969
6145,2048,solve,2745.023926
6145,2048,solve,2656.991943
6145,2048,solve,2097.791992
6145,2048,solve,1862.495972
6145,2048,solve,1331.520020
6145,2048,solve,1345.567993
6145,2048,solve,1332.095947
6145,2048,solve,1325.920044
6145,2048,solve,2729.439941
6145,2048,solve,1336.447998
6145,2048,solve,2728.479980
6145,2048,solve,1339.936035
6145,2048,solve,1338.368042
6145,2048,solve,2734.239990
6145,2048,solve,1343.711914
6145,2048,solve,2735.359863
6145,2048,solve,1328.575928
6145,2048,solve,2660.255859
6145,2048,solve,2087.392090
6145,2048,solve,2733.599854
6145,2048,solve,1326.303955
6145,2048,solve,1879.583984
6145,2048,solve,2740.544189
6145,2048,solve,1328.927979
6145,2048,solve,1330.880005
6145,2048,solve,2656.735840
6145,2048,solve,3484.927979
6145,2048,solve,1329.151978
6145,2048,solve,1324.991943
6145,2048,solve,1869.215942
6145,2048,solve,1333.760010
6145,2048,solve,1333.024048
6145,2048,solve,1327.167969
6145,2048,solve,4621.344238
6145,2048,solve,2028.415894
6145,2048,solve,1340.384033
6145,2048,solve,1337.856079
6145,2048,solve,1336.320068
6145,2048,solve,1333.439941
6145,2048,solve,2739.360107
6145,2048,solve,1326.943970
6145,2048,solve,1337.407959
6145,2048,solve,3236.927979
6145,2048,solve,3802.943848
6145,2048,solve,1337.216064
6145,2048,solve,1354.176025
6145,2048,solve,1378.656006
6145,2048,solve,2747.296143
6145,2048,solve,1332.767944
6145,2048,solve,2652.959961
6145,2048,solve,2124.031982
6145,2048,solve,1327.424072
6145,2048,solve,3281.343994
6145,2048,solve,1331.455933
6145,2048,solve,1339.072021
6145,2048,solve,1329.151978
6145,2048,solve,1325.248047
6145,2048,solve,1328.384033
6145,2048,solve,2745.376221
6145,2048,solve,1322.111938
6145,2048,solve,1346.528076
6145,2048,solve,1327.583984
6145,2048,solve,1360.447998
6145,2048,solve,1334.175903
6145,2048,solve,1323.936035
6145,2048,solve,1329.023926
6145,2048,solve,1337.375977
6145,2048,solve,5011.167969
6145,2048,solve,1329.408081
6145,2048,solve,1324.319946
6145,2048,solve,1321.119995
6145,2048,solve,1337.088013
6145,2048,solve,1738.239990
6145,2048,solve,2745.791992
6145,2048,solve,1382.208008
6145,2048,solve,1342.656006
6145,2048,solve,1324.991943
6145,2048,solve,1330.304077
6145,2048,solve,1331.904053
6145,2048,solve,2740.736084
6145,2048,solve,1332.000000
6145,2048,solve,1343.935913
6145,2048,solve,1322.624023
6145,2048,solve,1346.143921
6145,2048,solve,1323.871948
6145,2048,solve,3249.088135
6145,2048,solve,1327.232056
6145,2048,solve,1330.687988
6145,2048,solve,3279.455811
6145,2048,solve,1334.719971
6145,2048,solve,1335.232056
6145,2048,solve,2739.104004
6145,2048,solve,1968.575928
6145,2048,solve,2631.840088
6145,2048,solve,1330.111938
6145,2048,solve,1325.984009
6145,2048,solve,3220.320068
6145,2048,solve,1332.319946
6145,2048,solve,2741.184082
6145,2048,solve,1325.375977
6145,2048,solve,1985.536011
6145,2048,solve,4063.392090
6145,2048,solve,1329.312012
6145,2048,solve,1327.008057
6145,2048,solve,1823.871948
6145,2048,solve,1330.752075
6145,2048,solve,1335.296021
6145,2048,solve,2742.144043
6145,2048,solve,1964.640015
6145,2048,solve,2640.864014
6145,2048,solve,1773.056030
6145,2048,solve,1335.680054
6145,2048,solve,1338.495972
6145,2048,solve,2743.583984
6145,2048,solve,1329.119995
6145,2048,solve,1327.807983
6145,2048,solve,1327.296021
6145,2048,solve,1964.256104
6145,2048,solve,2637.120117
6145,2048,solve,1821.312012
6145,2048,solve,1336.511963
6145,2048,solve,1333.503906
6145,2048,solve,2748.768066
6145,2048,solve,1333.855957
6145,2048,solve,1332.447998
6145,2048,solve,1341.248047
6145,2048,solve,1354.848022
6145,2048,solve,5007.328125
6145,2048,solve,1947.807983
6145,2048,solve,2743.104004
6145,2048,solve,1689.023926
6145,2048,solve,1347.583984
6145,2048,solve,1330.432007
6145,2048,solve,1339.040039
6145,2048,solve,3485.280029
6145,2048,solve,1350.496094
6145,2048,solve,1334.015991
6145,2048,solve,3176.991943
6145,2048,solve,1331.455933
6145,2048,solve,1366.239990
6145,2048,solve,1328.384033
6145,2048,solve,1326.848022
6145,2048,solve,1337.120117
6145,2048,solve,3460.639893
6145,2048,solve,1345.440063
6145,2048,solve,1330.207886
6145,2048,solve,1870.463989
6145,2048,solve,1333.760010
6145,2048,solve,1324.000000
6145,2048,solve,1334.815918
6145,2048,solve,2736.063965
6145,2048,solve,1332.511963
6145,2048,solve,3618.783936
6145,2048,solve,1337.952026
6145,2048,solve,3235.647949
6145,2048,solve,1336.768066
6145,2048,solve,1337.760010
6145,2048,solve,1336.895996
6145,2048,solve,1336.384033
6145,2048,solve,5001.696289
6145,2048,solve,1348.736084
6145,2048,solve,1330.495972
6145,2048,solve,3214.560059
6145,2048,solve,1346.911987
6145,2048,solve,2761.312012
6145,2048,solve,1340.800049
6145,2048,solve,1992.800049
6145,2048,solve,2635.520020
6145,2048,solve,1875.359985
6145,2048,solve,2748.127930
6145,2048,solve,1350.687988
6145,2048,solve,1324.192017
6145,2048,solve,1346.208008
6145,2048,solve,1327.072021
6145,2048,solve,1324.063965
6145,2048,solve,5070.112305
6145,2048,solve,1874.752075
6145,2048,solve,1335.423950
6145,2048,solve,1331.807983
6145,2048,solve,1335.904053
6145,2048,solve,1324.831909
6145,2048,solve,1331.647949
6145,2048,solve,1328.544067
6145,2048,solve,1337.375977
6145,2048,solve,3223.520020
6145,2048,solve,3465.023926
6145,2048,solve,1335.711914
6145,2048,solve,1354.943970
6145,2048,solve,1333.536011
6145,2048,solve,1331.904053
6145,2048,solve,1333.791992
6145,2048,solve,1329.856079
6145,2048,solve,1334.719971
6145,2048,solve,3242.176025
6145,2048,solve,1327.200073
6145,2048,solve,1330.432007
6145,2048,solve,1872.768066
6145,2048,solve,1335.199951
6145,2048,solve,1329.952026
6145,2048,solve,1336.768066
6145,2048,solve,1331.007935
6145,2048,solve,1346.591919
6145,2048,solve,2661.696045
6145,2048,solve,2076.895996
6145,2048,solve,1333.056030
6145,2048,solve,3227.104004
6145,2048,solve,1342.368042
6145,2048,solve,1334.400024
6145,2048,solve,1334.719971
6145,2048,solve,1342.272095
6145,2048,solve,1332.927979
6145,2048,solve,2688.927979
6145,2048,solve,2084.063965
6145,2048,solve,1330.624023
6145,2048,solve,1327.487915
6145,2048,solve,1331.776001
6145,2048,solve,1769.119995
6145,2048,solve,1333.439941
6145,2048,solve,1345.567993
6145,2048,solve,1328.192017
6145,2048,solve,4610.624023
6145,2048,solve,1557.440063
6145,2048,solve,1328.063965
6145,2048,solve,1330.432007
6145,2048,solve,1331.072021
6145,2048,solve,1813.343994
6145,2048,solve,2745.919922
6145,2048,solve,1331.904053
6145,2048,solve,2647.936035
6145,2048,solve,2104.703857
6145,2048,solve,1354.271973
6145,2048,solve,1759.135986
6145,2048,solve,1351.232056
6145,2048,solve,2742.239990
6145,2048,solve,1326.464111
6145,2048,solve,1330.335938
6145,2048,solve,2665.343994
6145,2048,solve,2072.832031
6145,2048,solve,2746.079834
6145,2048,solve,1874.304077
6145,2048,solve,1340.736084
6145,2048,solve,1333.376099
6145,2048,solve,1333.888062
6145,2048,solve,1328.351929
6145,2048,solve,1969.856079
6145,2048,solve,3117.312012
6145,2048,solve,1345.536011
6145,2048,solve,1335.776001
6145,2048,solve,2745.568115
6145,2048,solve,1330.335938
6145,2048,solve,1329.984009
6145,2048,solve,1346.880005
6145,2048,solve,1338.015991
6145,2048,solve,4645.887695
6145,2048,solve,1870.399902
6145,2048,solve,1340.736084
6145,2048,solve,1332.000000
6145,2048,solve,1353.823975
6145,2048,solve,1332.608032
6145,2048,solve,1323.807983
6145,2048,solve,1322.208008
6145,2048,solve,1328.575928
6145,2048,solve,3649.087891
6145,2048,solve,1332.543945
6145,2048,solve,1843.744019
6145,2048,solve,1347.328003
6145,2048,solve,1342.784058
6145,2048,solve,1328.992065
6145,2048,solve,1325.536011
6145,2048,solve,1322.208008
6145,2048,solve,1320.384033
6145,2048,solve,1975.744019
6145,2048,solve,2669.312012
6145,2048,solve,1323.519897
6145,2048,solve,1342.272095
6145,2048,solve,3282.303955
6145,2048,solve,1329.471924
6145,2048,solve,1331.359985
6145,2048,solve,1346.239990
6145,2048,solve,1372.032104
6145,2048,solve,3248.192139
6145,2048,solve,1351.423950
6145,2048,solve,1339.903931
6145,2048,solve,1342.432007
6145,2048,solve,1847.231934
6145,2048,solve,2795.583984
6145,2048,solve,1347.520020
6145,2048,solve,1336.159912
6145,2048,solve,1344.159912
6145,2048,solve,3209.760010
6145,2048,solve,1856.031982
6145,2048,solve,1333.536011
6145,2048,solve,1332.735962
6145,2048,solve,1333.951904
6145,2048,solve,1334.848022
6145,2048,solve,1322.880005
6145,2048,solve,1329.536011
6145,2048,solve,1330.400024
6145,2048,solve,1335.328003
6145,2048,solve,3235.359863
6145,2048,solve,1810.304077
6145,2048,solve,1338.559937
6145,2048,solve,1339.007935
6145,2048,solve,1329.952026
6145,2048,solve,2742.624023
6145,2048,solve,1330.719971
6145,2048,solve,1327.072021
6145,2048,solve,1351.008057
6145,2048,solve,5577.536133
6145,2048,solve,1355.903931
6145,2048,solve,1333.696045
6145,2048,solve,1329.632080
6145,2048,solve,1345.151978
6145,2048,solve,1325.823975
6145,2048,solve,1333.024048
6145,2048,solve,1337.023926
6145,2048,solve,4636.447754
6145,2048,solve,1333.503906
6145,2048,solve,1873.023926
6145,2048,solve,1333.567993
6145,2048,solve,1346.112061
6145,2048,solve,1329.632080
6145,2048,solve,1327.872070
6145,2048,solve,1322.368042
6145,2048,solve,1332.800049
6145,2048,solve,3248.927979
6145,2048,solve,1329.375977
6145,2048,solve,1351.328003
6145,2048,solve,1325.312012
6145,2048,solve,1762.560059
6145,2048,solve,2739.520020
6145,2048,solve,1334.015991
6145,2048,solve,1324.128052
6145,2048,solve,1333.343994
6145,2048,solve,3223.040039
6145,2048,solve,1561.536011
6145,2048,solve,1340.384033
6145,2048,solve,1347.648071
6145,2048,solve,1858.463989
6145,2048,solve,1339.968018
6145,2048,solve,2749.791992
6145,2048,solve,1330.656006
6145,2048,solve,1339.776001
6145,2048,solve,3714.976074
6145,2048,solve,1359.488037
6145,2048,solve,1337.856079
6145,2048,solve,1329.696045
6145,2048,solve,1332.767944
6145,2048,solve,1328.575928
6145,2048,solve,1332.735962
6145,2048,solve,1349.472046
6145,2048,solve,1321.119995
6145,2048,solve,1334.047974
6145,2048,solve,3237.983887
6145,2048,solve,3285.664062
6145,2048,solve,1349.952026
6145,2048,solve,1332.864014
6145,2048,solve,1324.991943
6145,2048,solve,1333.631958
6145,2048,solve,1346.463989
6145,2048,solve,1326.527954
6145,2048,solve,1327.328003
6145,2048,solve,3259.583984
6145,2048,solve,1328.927979
6145,2048,solve,1761.599976
6145,2048,solve,1345.151978
6145,2048,solve,1329.151978
6145,2048,solve,1331.712036
6145,2048,solve,1332.671997
6145,2048,solve,1327.583984
6145,2048,solve,1325.984009
6145,2048,solve,1330.047974
6145,2048,solve,4678.783691
6145,2048,solve,1879.040039
6145,2048,solve,1336.544067
6145,2048,solve,1365.952026
6145,2048,solve,1344.607910
6145,2048,solve,1912.320068
6145,2048,solve,1331.616089
6145,2048,solve,1339.712036
6145,2048,solve,3256.063965
6145,2048,solve,1340.895996
6145,2048,solve,1326.560059
6145,2048,solve,1823.680054
6145,2048,solve,1341.183960
6145,2048,solve,1329.312012
6145,2048,solve,1330.111938
6145,2048,solve,1329.791992
6145,2048,solve,1329.471924
6145,2048,solve,5099.904297
6145,2048,solve,1337.823975
6145,2048,solve,1326.815918
6145,2048,solve,1323.264038
6145,2048,solve,1743.072021
6145,2048,solve,1344.192017
6145,2048,solve,1328.575928
6145,2048,solve,1339.264038
6145,2048,solve,3292.992188
6145,2048,solve,1350.368042
6145,2048,solve,1873.471924
6145,2048,solve,1331.743896
6145,2048,solve,1329.791992
6145,2048,solve,2744.832031
6145,2048,solve,1329.343994
6145,2048,solve,1330.752075
6145,2048,solve,2646.464111
6145,2048,solve,2095.552002
6145,2048,solve,1340.223999
6145,2048,solve,1813.567993
6145,2048,solve,1331.680054
6145,2048,solve,1353.407959
6145,2048,solve,1336.447998
6145,2048,solve,1358.335938
6145,2048,solve,2740.511963
6145,2048,solve,2645.343994
6145,2048,solve,2109.055908
6145,2048,solve,1355.296021
6145,2048,solve,1324.767944
6145,2048,solve,1899.232056
6145,2048,solve,1335.807983
6145,2048,solve,1328.575928
6145,2048,solve,1327.263916
6145,2048,solve,1347.167969
6145,2048,solve,1334.271973
6145,2048,solve,3247.391846
6145,2048,solve,1328.192017
6145,2048,solve,1347.040039
6145,2048,solve,1338.943970
6145,2048,solve,1824.800049
6145,2048,solve,1354.176025
6145,2048,solve,1323.744019
6145,2048,solve,1351.392090
6145,2048,solve,1330.559937
6145,2048,solve,4621.919922
6145,2048,solve,1549.247925
6145,2048,solve,1327.232056
6145,2048,solve,1328.511963
6145,2048,solve,1331.328003
6145,2048,solve,1746.880005
6145,2048,solve,1348.512085
6145,2048,solve,1337.151978
6145,2048,solve,1340.255981
6145,2048,solve,1330.719971
6145,2048,solve,2660.415771
6145,2048,solve,2130.271973
6145,2048,solve,1332.991943
6145,2048,solve,1327.903931
6145,2048,solve,3247.744141
6145,2048,solve,1339.135986
6145,2048,solve,1329.471924
6145,2048,solve,1327.744019
6145,2048,solve,1331.680054
6145,2048,solve,3303.776123
6145,2048,solve,1331.807983
6145,2048,solve,1736.096069
6145,2048,solve,1330.816040
6145,2048,solve,1334.975952
6145,2048,solve,1328.287964
6145,2048,solve,1325.503906
6145,2048,solve,1325.440063
6145,2048,solve,1326.432007
6145,2048,solve,1337.536011
6145,2048,solve,2698.144043
6145,2048,solve,2100.735840
6145,2048,solve,1824.671997
6145,2048,solve,1348.447998
6145,2048,solve,1357.471924
6145,2048,solve,1349.663940
6145,2048,solve,1330.528076
6145,2048,solve,1330.368042
6145,2048,solve,1362.015991
6145,2048,solve,1330.207886
6145,2048,solve,3288.959961
6145,2048,solve,1328.544067
6145,2048,solve,3276.671875
6145,2048,solve,1326.880005
6145,2048,solve,1330.335938
6145,2048,solve,1331.328003
6145,2048,solve,1326.911987
6145,2048,solve,1323.040039
6145,2048,solve,1337.984009
6145,2048,solve,3469.664062
6145,2048,solve,1335.232056
6145,2048,solve,1322.496094
6145,2048,solve,1884.384033
6145,2048,solve,1344.447998
6145,2048,solve,1339.455933
6145,2048,solve,1332.511963
6145,2048,solve,1332.703979
6145,2048,solve,1328.479980
6145,2048,solve,1345.536011
6145,2048,solve,3222.592041
6145,2048,solve,1335.711914
6145,2048,solve,1329.280029
6145,2048,solve,1330.207886
6145,2048,solve,2295.615967
6145,2048,solve,1340.416016
6145,2048,solve,1346.752075
6145,2048,solve,1331.616089
6145,2048,solve,4964.704102
6145,2048,solve,1335.104004
6145,2048,solve,1345.471924
6145,2048,solve,1333.279907
6145,2048,solve,1331.904053
6145,2048,solve,1740.671997
6145,2048,solve,1333.760010
6145,2048,solve,1332.128052
6145,2048,solve,1343.776001
6145,2048,solve,5237.631836
6145,2048,solve,1748.255981
6145,2048,solve,1331.199951
6145,2048,solve,1332.031982
6145,2048,solve,1337.536011
6145,2048,solve,1852.511963
6145,2048,solve,1331.104004
6145,2048,solve,1990.111938
6145,2048,solve,2670.624023
6145,2048,solve,2740.223877
6145,2048,solve,1872.352051
6145,2048,solve,1330.719971
6145,2048,solve,1342.239990
6145,2048,solve,1336.735962
6145,2048,solve,1339.455933
6145,2048,solve,2735.615967
6145,2048,solve,1352.095947
6145,2048,solve,1330.239990
6145,2048,solve,1325.536011
6145,2048,solve,1331.040039
6145,2048,solve,1331.392090
6145,2048,solve,1335.744019
6145,2048,solve,1359.007935
6145,2048,solve,1327.135986
6145,2048,solve,1325.440063
6145,2048,solve,1452.927979
6145,2048,solve,5396.096191
6145,2048,solve,1341.536011
6145,2048,solve,1333.343994
6145,2048,solve,1327.872070
6145,2048,solve,1765.856079
6145,2048,solve,1343.391968
6145,2048,solve,1329.216064
6145,2048,solve,1367.679932
6145,2048,solve,1583.071899
6145,2048,solve,1365.023926
6145,2048,solve,1349.375977
6145,2048,solve,1329.823975
6145,2048,solve,1332.416016
6145,2048,solve,1326.047974
6145,2048,solve,1348.096069
6145,2048,solve,1329.408081
6145,2048,solve,1330.047974
6145,2048,solve,1331.423950
6145,2048,solve,1325.152100
6145,2048,solve,2649.375977
6145,2048,solve,3514.911865
6145,2048,solve,1334.560059
6145,2048,solve,1742.495972
6145,2048,solve,1335.008057
6145,2048,solve,1335.167969
6145,2048,solve,1335.968018
6145,2048,solve,1335.615967
6145,2048,solve,1324.255981
6145,2048,solve,1344.864014
6145,2048,solve,1328.287964
6145,2048,solve,1337.599976
6145,2048,solve,1320.703979
6145,2048,solve,2739.552002
6145,2048,solve,1327.520020
6145,2048,solve,1325.696045
6145,2048,solve,1340.608032
6145,2048,solve,1328.959961
6145,2048,solve,1317.536011
6145,2048,solve,2695.583984
6145,2048,solve,5089.183594
6145,2048,solve,1349.408081
6145,2048,solve,1814.687988
6145,2048,solve,1335.904053
6145,2048,solve,1338.400024
6145,2048,solve,1344.703979
6145,2048,solve,1342.911987
6145,2048,solve,3270.624023
6145,2048,solve,1331.359985
6145,2048,solve,1870.079956
6145,2048,solve,1335.423950
6145,2048,solve,1346.783936
6145,2048,solve,1332.479980
6145,2048,solve,1343.839966
6145,2048,solve,1331.583984
6145,2048,solve,1327.807983
6145,2048,solve,1333.088013
6145,2048,solve,3310.112061
6145,2048,solve,1343.008057
6145,2048,solve,1809.984009
6145,2048,solve,1334.336060
6145,2048,solve,2740.223877
6145,2048,solve,1327.712036
6145,2048,solve,1320.767944
6145,2048,solve,1330.880005
6145,2048,solve,1333.248047
6145,2048,solve,3292.768066
6145,2048,solve,1322.880005
6145,2048,solve,1325.599976
6145,2048,solve,1759.871948
6145,2048,solve,1334.719971
6145,2048,solve,1334.687988
6145,2048,solve,1331.264038
6145,2048,solve,1335.136108
6145,2048,solve,1327.135986
6145,2048,solve,1320.575928
6145,2048,solve,2649.919922
6145,2048,solve,2107.968018
6145,2048,solve,1328.544067
6145,2048,solve,2025.151978
6145,2048,solve,1485.599976
6145,2048,solve,1340.800049
6145,2048,solve,1334.751953
6145,2048,solve,1542.528076
6145,2048,solve,1340.319946
6145,2048,solve,1338.848022
6145,2048,solve,3240.159912
6145,2048,solve,1334.208008
6145,2048,solve,1321.535889
6145,2048,solve,1326.560059
6145,2048,solve,1745.088013
6145,2048,solve,1333.312012
6145,2048,solve,1336.799927
6145,2048,solve,1330.880005
6145,2048,solve,1345.504028
6145,2048,solve,1349.375977
6145,2048,solve,1342.208008
6145,2048,solve,2743.968018
6145,2048,solve,79.616005
6145,2048,checkDegeneracy,46.624001
4097,2048,costsVector,41.023998
4097,2048,gauss2,348.576019
4097,2048,solve,808.096008
4097,2048,solve,832.960022
4097,2048,solve,1044.160034
4097,2048,solve,1050.079956
4097,2048,solve,807.455994
4097,2048,solve,811.039978
4097,2048,solve,843.583984
4097,2048,solve,824.863953
4097,2048,solve,811.104004
4097,2048,solve,948.768005
4097,2048,solve,2683.039795
4097,2048,solve,817.951965
4097,2048,solve,814.975952
4097,2048,solve,1494.880005
4097,2048,solve,771.455994
4097,2048,solve,808.767944
4097,2048,solve,766.592041
4097,2048,solve,774.496033
4097,2048,solve,787.072021
4097,2048,solve,1140.992065
4097,2048,solve,786.432007
4097,2048,solve,816.544006
4097,2048,solve,810.367981
4097,2048,solve,816.064026
4097,2048,solve,829.119995
4097,2048,solve,811.552002
4097,2048,solve,767.584045
4097,2048,solve,809.184021
4097,2048,solve,768.607971
4097,2048,solve,802.528015
4097,2048,solve,808.864014
4097,2048,solve,810.015991
4097,2048,solve,819.583984
4097,2048,solve,800.863953
4097,2048,solve,804.512024
4097,2048,solve,768.768005
4097,2048,solve,808.416016
4097,2048,solve,767.648010
4097,2048,solve,803.296021
4097,2048,solve,775.776001
4097,2048,solve,805.535950
4097,2048,solve,803.648010
4097,2048,solve,814.239990
4097,2048,solve,2674.016113
4097,2048,solve,1349.311890
4097,2048,solve,814.751953
4097,2048,solve,780.736023
4097,2048,solve,818.592041
4097,2048,solve,810.687988
4097,2048,solve,810.080017
4097,2048,solve,828.288025
4097,2048,solve,809.952026
4097,2048,solve,810.464050
4097,2048,solve,762.880005
4097,2048,solve,765.312012
4097,2048,solve,813.440002
4097,2048,solve,763.776001
4097,2048,solve,804.927979
4097,2048,solve,805.567993
4097,2048,solve,1495.296021
4097,2048,solve,2132.127930
4097,2048,solve,807.807983
4097,2048,solve,1342.687988
4097,2048,solve,764.864014
4097,2048,solve,766.175964
4097,2048,solve,810.880005
4097,2048,solve,810.976013
4097,2048,solve,808.671997
4097,2048,solve,806.559998
4097,2048,solve,769.087952
4097,2048,solve,760.160034
4097,2048,solve,825.695984
4097,2048,solve,808.223999
4097,2048,solve,807.936035
4097,2048,solve,763.104004
4097,2048,solve,759.359985
4097,2048,solve,1519.488037
4097,2048,solve,2065.984131
4097,2048,solve,830.015991
4097,2048,solve,1342.527954
4097,2048,solve,814.335999
4097,2048,solve,770.591980
4097,2048,solve,782.911987
4097,2048,solve,816.160034
4097,2048,solve,809.440002
4097,2048,solve,816.320007
4097,2048,solve,809.184021
4097,2048,solve,806.656006
4097,2048,solve,832.351990
4097,2048,solve,808.575989
4097,2048,solve,810.112000
4097,2048,solve,813.279968
4097,2048,solve,813.536011
4097,2048,solve,2689.471924
4097,2048,solve,762.399963
4097,2048,solve,815.168030
4097,2048,solve,806.432007
4097,2048,solve,1184.384033
4097,2048,solve,766.656006
4097,2048,solve,763.679993
4097,2048,solve,828.255981
4097,2048,solve,813.888000
4097,2048,solve,810.239990
4097,2048,solve,769.440002
4097,2048,solve,813.632019
4097,2048,solve,806.176025
4097,2048,solve,802.687988
4097,2048,solve,811.359985
4097,2048,solve,776.031982
4097,2048,solve,809.055969
4097,2048,solve,765.247986
4097,2048,solve,817.791992
4097,2048,solve,805.119995
4097,2048,solve,803.071960
4097,2048,solve,804.447998
4097,2048,solve,814.624023
4097,2048,solve,763.840027
4097,2048,solve,768.544006
4097,2048,solve,819.231995
4097,2048,solve,824.000000
4097,2048,solve,808.928040
4097,2048,solve,807.071960
4097,2048,solve,772.960022
4097,2048,solve,824.703979
4097,2048,solve,807.200012
4097,2048,solve,804.704041
4097,2048,solve,789.824036
4097,2048,solve,1501.503906
4097,2048,solve,2138.719971
4097,2048,solve,764.736023
4097,2048,solve,806.847961
4097,2048,solve,811.616028
4097,2048,solve,757.984009
4097,2048,solve,806.143982
4097,2048,solve,807.295959
4097,2048,solve,1302.015991
4097,2048,solve,54.175999
4097,2048,solution,346.208008
