vars,contraints,operation,elapsed_time
6145,2048,fillTableau,11515.904297
6145,2048,gauss1,2961.407959
6145,2048,solve,13195.391602
6145,2048,solve,7287.903809
6145,2048,solve,7164.927734
6145,2048,solve,7562.240234
6145,2048,solve,7570.432129
6145,2048,solve,8048.640137
6145,2048,solve,11463.680664
6145,2048,solve,7843.647949
6145,2048,solve,7185.472168
6145,2048,solve,7351.328125
6145,2048,solve,7421.984375
6145,2048,solve,7247.872070
6145,2048,solve,7411.712402
6145,2048,solve,7266.304199
6145,2048,solve,7005.184082
6145,2048,solve,7087.104004
6145,2048,solve,7086.080078
6145,2048,solve,6667.264160
6145,2048,solve,6462.463867
6145,2048,solve,6455.295898
6145,2048,solve,6728.704102
6145,2048,solve,6428.671875
6145,2048,solve,6712.319824
6145,2048,solve,6847.487793
6145,2048,solve,6966.271973
6145,2048,solve,7156.735840
6145,2048,solve,7376.895996
6145,2048,solve,7376.895996
6145,2048,solve,7337.983887
6145,2048,solve,7475.328125
6145,2048,solve,7385.087891
6145,2048,solve,7493.631836
6145,2048,solve,7473.152344
6145,2048,solve,7414.784180
6145,2048,solve,7238.656250
6145,2048,solve,7316.479980
6145,2048,solve,7438.335938
6145,2048,solve,7135.231934
6145,2048,solve,6932.352051
6145,2048,solve,6758.528320
6145,2048,solve,6832.127930
6145,2048,solve,7009.151855
6145,2048,solve,7028.736328
6145,2048,solve,7062.591797
6145,2048,solve,6957.056152
6145,2048,solve,7149.567871
6145,2048,solve,7297.023926
6145,2048,solve,7039.104004
6145,2048,solve,7163.968262
6145,2048,solve,7091.199707
6145,2048,solve,7145.503906
6145,2048,solve,7114.751953
6145,2048,solve,7095.295898
6145,2048,solve,7102.464355
6145,2048,solve,7031.808105
6145,2048,solve,7047.167969
6145,2048,solve,7025.664062
6145,2048,solve,6885.375977
6145,2048,solve,6714.367676
6145,2048,solve,6482.047852
6145,2048,solve,6492.159668
6145,2048,solve,7086.080078
6145,2048,solve,8982.560547
6145,2048,solve,7561.215820
6145,2048,solve,6936.575684
6145,2048,solve,6758.399902
6145,2048,solve,6785.023926
6145,2048,solve,6583.295898
6145,2048,solve,7375.711914
6145,2048,solve,9135.232422
6145,2048,solve,6771.711914
6145,2048,solve,6773.759766
6145,2048,solve,6787.072266
6145,2048,solve,6596.671875
6145,2048,solve,6644.735840
6145,2048,solve,6554.624023
6145,2048,solve,6466.591797
6145,2048,solve,7213.056152
6145,2048,solve,10598.240234
6145,2048,solve,8116.224121
6145,2048,solve,8142.848145
6145,2048,solve,7868.416016
6145,2048,solve,7848.959961
6145,2048,solve,7954.432129
6145,2048,solve,7781.375977
6145,2048,solve,7815.167969
6145,2048,solve,7664.640137
6145,2048,solve,7248.032227
6145,2048,solve,7076.863770
6145,2048,solve,7246.848145
6145,2048,solve,7161.855957
6145,2048,solve,7129.216309
6145,2048,solve,7131.135742
6145,2048,solve,7174.143555
6145,2048,solve,7144.447754
6145,2048,solve,7105.536133
6145,2048,solve,6723.583984
6145,2048,solve,6558.720215
6145,2048,solve,6498.303711
6145,2048,solve,6619.135742
6145,2048,solve,6245.375977
6145,2048,solve,6994.944336
6145,2048,solve,8854.528320
6145,2048,solve,7286.784180
6145,2048,solve,6857.728027
6145,2048,solve,6695.936035
6145,2048,solve,6361.087891
6145,2048,solve,6427.647949
6145,2048,solve,6409.215820
6145,2048,solve,6341.567871
6145,2048,solve,7001.088379
6145,2048,solve,9160.704102
6145,2048,solve,8747.008789
6145,2048,solve,7205.887695
6145,2048,solve,7348.224121
6145,2048,solve,7288.735840
6145,2048,solve,14682.111328
6145,2048,solve,15030.335938
6145,2048,solve,14800.895508
6145,2048,solve,15046.655273
6145,2048,solve,14431.295898
6145,2048,solve,13399.040039
6145,2048,solve,13568.000000
6145,2048,solve,13674.496094
6145,2048,solve,13275.135742
6145,2048,solve,13609.120117
6145,2048,solve,13668.352539
6145,2048,solve,13466.624023
6145,2048,solve,13949.952148
6145,2048,solve,6308.864258
6145,2048,solve,14499.839844
6145,2048,solve,16838.656250
6145,2048,solve,15041.536133
6145,2048,solve,14215.135742
6145,2048,solve,14094.176758
6145,2048,solve,14276.736328
6145,2048,solve,14453.759766
6145,2048,solve,14114.815430
6145,2048,solve,14296.064453
6145,2048,solve,14921.728516
6145,2048,solve,14679.040039
6145,2048,solve,14404.576172
6145,2048,solve,14395.392578
6145,2048,solve,14442.400391
6145,2048,solve,13972.479492
6145,2048,solve,13877.248047
6145,2048,solve,14512.096680
6145,2048,solve,14459.903320
6145,2048,solve,13958.016602
6145,2048,solve,13895.680664
6145,2048,solve,13891.583984
6145,2048,solve,14201.855469
6145,2048,solve,14221.311523
6145,2048,solve,13837.311523
6145,2048,solve,13930.656250
6145,2048,solve,14819.328125
6145,2048,solve,13842.431641
6145,2048,solve,14005.120117
6145,2048,solve,13852.671875
6145,2048,solve,13976.704102
6145,2048,solve,14093.312500
6145,2048,solve,13802.496094
6145,2048,solve,14171.968750
6145,2048,solve,13718.591797
6145,2048,solve,13795.328125
6145,2048,solve,14090.239258
6145,2048,solve,13899.776367
6145,2048,solve,13889.504883
6145,2048,solve,13454.335938
6145,2048,solve,14025.856445
6145,2048,solve,15283.359375
6145,2048,solve,14580.767578
6145,2048,solve,15111.136719
6145,2048,solve,14884.799805
6145,2048,solve,14842.879883
6145,2048,solve,14784.480469
6145,2048,solve,14646.143555
6145,2048,solve,14706.687500
6145,2048,solve,15853.568359
6145,2048,solve,15258.624023
6145,2048,solve,14736.384766
6145,2048,solve,14313.471680
6145,2048,solve,7211.008301
6145,2048,solve,14966.783203
6145,2048,solve,13328.384766
6145,2048,solve,13288.448242
6145,2048,solve,13516.799805
6145,2048,solve,15219.711914
6145,2048,solve,15199.232422
6145,2048,solve,14278.591797
6145,2048,solve,7152.639648
6145,2048,solve,14474.240234
6145,2048,solve,14775.360352
6145,2048,solve,14275.551758
6145,2048,solve,14471.167969
6145,2048,solve,14592.000000
6145,2048,solve,14458.847656
6145,2048,solve,14420.992188
6145,2048,solve,14394.368164
6145,2048,solve,14304.256836
6145,2048,solve,15452.160156
6145,2048,solve,14330.016602
6145,2048,solve,14384.127930
6145,2048,solve,14327.808594
6145,2048,solve,14670.944336
6145,2048,solve,14512.127930
6145,2048,solve,14410.751953
6145,2048,solve,14473.215820
6145,2048,solve,14458.815430
6145,2048,solve,13975.551758
6145,2048,solve,13799.423828
6145,2048,solve,13639.616211
6145,2048,solve,13860.863281
6145,2048,solve,13745.183594
6145,2048,solve,14106.624023
6145,2048,solve,13816.832031
6145,2048,solve,6806.528320
6145,2048,solve,13900.799805
6145,2048,solve,13650.943359
6145,2048,solve,14019.583984
6145,2048,solve,13759.488281
6145,2048,solve,13761.535156
6145,2048,solve,13749.247070
6145,2048,solve,13851.648438
6145,2048,solve,13790.335938
6145,2048,solve,13833.215820
6145,2048,solve,13452.288086
6145,2048,solve,13921.280273
6145,2048,solve,13757.439453
6145,2048,solve,14218.240234
6145,2048,solve,13862.879883
6145,2048,solve,14049.280273
6145,2048,solve,13819.904297
6145,2048,solve,14193.664062
6145,2048,solve,16126.975586
6145,2048,solve,14056.448242
6145,2048,solve,14211.072266
6145,2048,solve,13798.400391
6145,2048,solve,14424.127930
6145,2048,solve,14387.231445
6145,2048,solve,14168.064453
6145,2048,solve,14300.160156
6145,2048,solve,14261.248047
6145,2048,solve,14213.120117
6145,2048,solve,13980.704102
6145,2048,solve,14232.576172
6145,2048,solve,14398.463867
6145,2048,solve,13770.751953
6145,2048,solve,14351.551758
6145,2048,solve,13874.175781
6145,2048,solve,13809.664062
6145,2048,solve,13643.776367
6145,2048,solve,13352.959961
6145,2048,solve,13448.160156
6145,2048,solve,13500.416016
6145,2048,solve,13898.751953
6145,2048,solve,13607.935547
6145,2048,solve,13875.200195
6145,2048,solve,13998.080078
6145,2048,solve,13659.135742
6145,2048,solve,13704.223633
6145,2048,solve,14032.896484
6145,2048,solve,13900.799805
6145,2048,solve,13569.024414
6145,2048,solve,13619.135742
6145,2048,solve,13723.615234
6145,2048,solve,13868.063477
6145,2048,solve,16235.519531
6145,2048,solve,14371.839844
6145,2048,solve,14453.759766
6145,2048,solve,14177.280273
6145,2048,solve,13644.799805
6145,2048,solve,13561.856445
6145,2048,solve,13921.280273
6145,2048,solve,6365.183594
6145,2048,solve,13370.303711
6145,2048,solve,6695.936035
6145,2048,solve,16637.822266
6145,2048,solve,7165.952148
6145,2048,solve,15003.647461
6145,2048,solve,7346.176270
6145,2048,solve,15004.671875
6145,2048,solve,14502.911133
6145,2048,solve,14287.872070
6145,2048,solve,14375.935547
6145,2048,solve,13983.711914
6145,2048,solve,13731.839844
6145,2048,solve,13835.264648
6145,2048,solve,13344.864258
6145,2048,solve,13965.311523
6145,2048,solve,13241.344727
6145,2048,solve,13254.656250
6145,2048,solve,13781.952148
6145,2048,solve,13815.808594
6145,2048,solve,13484.031250
6145,2048,solve,13606.912109
6145,2048,solve,13689.855469
6145,2048,solve,14011.391602
6145,2048,solve,14061.568359
6145,2048,solve,13992.959961
6145,2048,solve,14277.631836
6145,2048,solve,13904.895508
6145,2048,solve,13860.927734
6145,2048,solve,14058.496094
6145,2048,solve,14444.543945
6145,2048,solve,16030.719727
6145,2048,solve,6869.120117
6145,2048,solve,14223.360352
6145,2048,solve,6420.383789
6145,2048,solve,13697.024414
6145,2048,solve,13996.032227
6145,2048,solve,14048.255859
6145,2048,solve,13530.112305
6145,2048,solve,14050.304688
6145,2048,solve,13805.600586
6145,2048,solve,14402.560547
6145,2048,solve,6608.895996
6145,2048,solve,14081.024414
6145,2048,solve,14053.375977
6145,2048,solve,6896.639648
6145,2048,solve,6977.536133
6145,2048,solve,14482.432617
6145,2048,solve,7036.959961
6145,2048,solve,14172.160156
6145,2048,solve,14057.472656
6145,2048,solve,14117.919922
6145,2048,solve,13822.976562
6145,2048,solve,6683.551758
6145,2048,solve,13651.967773
6145,2048,solve,14210.176758
6145,2048,solve,6596.608398
6145,2048,solve,13704.192383
6145,2048,solve,6309.887695
6145,2048,solve,6629.375977
6145,2048,solve,13923.328125
6145,2048,solve,14320.608398
6145,2048,solve,13882.368164
6145,2048,solve,13990.912109
6145,2048,solve,6977.695801
6145,2048,solve,15929.311523
6145,2048,solve,14212.096680
6145,2048,solve,14309.375977
6145,2048,solve,6944.768066
6145,2048,solve,15798.272461
6145,2048,solve,14311.423828
6145,2048,solve,6708.096191
6145,2048,solve,14247.936523
6145,2048,solve,14252.032227
6145,2048,solve,13957.120117
6145,2048,solve,13882.368164
6145,2048,solve,14196.767578
6145,2048,solve,13921.312500
6145,2048,solve,14243.904297
6145,2048,solve,16029.695312
6145,2048,solve,13886.463867
6145,2048,solve,13679.616211
6145,2048,solve,14119.808594
6145,2048,solve,13450.400391
6145,2048,solve,6722.560059
6145,2048,solve,15850.496094
6145,2048,solve,7214.976074
6145,2048,solve,14380.031250
6145,2048,solve,14483.456055
6145,2048,solve,14584.799805
6145,2048,solve,14453.759766
6145,2048,solve,14340.127930
6145,2048,solve,14271.488281
6145,2048,solve,13911.072266
6145,2048,solve,13691.904297
6145,2048,solve,6460.416016
6145,2048,solve,13465.599609
6145,2048,solve,13357.087891
6145,2048,solve,13817.855469
6145,2048,solve,13680.640625
6145,2048,solve,13646.751953
6145,2048,solve,13992.927734
6145,2048,solve,13975.551758
6145,2048,solve,14071.872070
6145,2048,solve,13942.784180
6145,2048,solve,13890.560547
6145,2048,solve,13664.255859
6145,2048,solve,13593.600586
6145,2048,solve,13561.856445
6145,2048,solve,13629.536133
6145,2048,solve,13656.064453
6145,2048,solve,13638.655273
6145,2048,solve,13690.879883
6145,2048,solve,13974.528320
6145,2048,solve,14017.503906
6145,2048,solve,14223.328125
6145,2048,solve,14261.248047
6145,2048,solve,14236.576172
6145,2048,solve,14531.456055
6145,2048,solve,14413.824219
6145,2048,solve,14312.447266
6145,2048,solve,14698.496094
6145,2048,solve,14413.824219
6145,2048,solve,14467.071289
6145,2048,solve,14639.103516
6145,2048,solve,13889.536133
6145,2048,solve,14129.152344
6145,2048,solve,14019.647461
6145,2048,solve,13720.640625
6145,2048,solve,6761.472168
6145,2048,solve,16398.335938
6145,2048,solve,14522.368164
6145,2048,solve,14124.032227
6145,2048,solve,13605.888672
6145,2048,solve,13663.231445
6145,2048,solve,14160.896484
6145,2048,solve,15317.055664
6145,2048,solve,14140.416016
6145,2048,solve,14060.543945
6145,2048,solve,6654.912109
6145,2048,solve,13766.656250
6145,2048,solve,14140.416016
6145,2048,solve,13760.512695
6145,2048,solve,13736.959961
6145,2048,solve,13489.152344
6145,2048,solve,14063.616211
6145,2048,solve,13671.423828
6145,2048,solve,13952.959961
6145,2048,solve,13971.456055
6145,2048,solve,14360.575195
6145,2048,solve,13874.175781
6145,2048,solve,13880.319336
6145,2048,solve,13808.639648
6145,2048,solve,14287.872070
6145,2048,solve,15971.328125
6145,2048,solve,14135.295898
6145,2048,solve,14018.560547
6145,2048,solve,14014.464844
6145,2048,solve,14072.832031
6145,2048,solve,13960.063477
6145,2048,solve,13900.799805
6145,2048,solve,14003.199219
6145,2048,solve,14064.639648
6145,2048,solve,14012.448242
6145,2048,solve,13904.927734
6145,2048,solve,13947.903320
6145,2048,solve,13932.607422
6145,2048,solve,13796.416016
6145,2048,solve,14294.015625
6145,2048,solve,15761.280273
6145,2048,solve,13985.791992
6145,2048,solve,13911.104492
6145,2048,solve,13932.543945
6145,2048,solve,13760.512695
6145,2048,solve,6556.671875
6145,2048,solve,13849.599609
6145,2048,solve,6777.855957
6145,2048,solve,15707.135742
6145,2048,solve,14098.303711
6145,2048,solve,13820.927734
6145,2048,solve,13982.720703
6145,2048,solve,13988.864258
6145,2048,solve,13878.272461
6145,2048,solve,14016.608398
6145,2048,solve,13967.359375
6145,2048,solve,6676.479980
6145,2048,solve,15626.240234
6145,2048,solve,7002.111816
6145,2048,solve,14072.832031
6145,2048,solve,14267.519531
6145,2048,solve,13686.816406
6145,2048,solve,13862.848633
6145,2048,solve,14200.832031
6145,2048,solve,13812.735352
6145,2048,solve,14294.080078
6145,2048,solve,14273.408203
6145,2048,solve,14002.176758
6145,2048,solve,13799.551758
6145,2048,solve,14267.392578
6145,2048,solve,6680.511719
6145,2048,solve,13691.904297
6145,2048,solve,6683.775879
6145,2048,solve,14462.080078
6145,2048,solve,7489.535645
6145,2048,solve,14038.016602
6145,2048,solve,14299.135742
6145,2048,solve,14377.984375
6145,2048,solve,13871.104492
6145,2048,solve,14990.496094
6145,2048,solve,17223.712891
6145,2048,solve,14675.967773
6145,2048,solve,15041.407227
6145,2048,solve,7521.279785
6145,2048,solve,14145.536133
6145,2048,solve,7085.055664
6145,2048,solve,17312.769531
6145,2048,solve,14639.103516
6145,2048,solve,7130.112305
6145,2048,solve,14310.463867
6145,2048,solve,13527.135742
6145,2048,solve,13813.759766
6145,2048,solve,6477.824219
6145,2048,solve,13941.759766
6145,2048,solve,14056.448242
6145,2048,solve,14380.927734
6145,2048,solve,14408.704102
6145,2048,solve,6712.319824
6145,2048,solve,13944.832031
6145,2048,solve,6708.223633
6145,2048,solve,14413.824219
6145,2048,solve,6708.223633
6145,2048,solve,14090.239258
6145,2048,solve,13895.680664
6145,2048,solve,6693.888184
6145,2048,solve,13887.488281
6145,2048,solve,13723.648438
6145,2048,solve,13948.927734
6145,2048,solve,6602.752441
6145,2048,solve,14038.016602
6145,2048,solve,13841.408203
6145,2048,solve,6511.616211
6145,2048,solve,13663.264648
6145,2048,solve,6907.904297
6145,2048,solve,15961.024414
6145,2048,solve,14113.791992
6145,2048,solve,13932.543945
6145,2048,solve,14003.072266
6145,2048,solve,13711.360352
6145,2048,solve,13836.288086
6145,2048,solve,13978.560547
6145,2048,solve,13959.263672
6145,2048,solve,14003.199219
6145,2048,solve,14006.335938
6145,2048,solve,14058.496094
6145,2048,solve,13760.512695
6145,2048,solve,13724.671875
6145,2048,solve,13923.328125
6145,2048,solve,13954.047852
6145,2048,solve,13953.023438
6145,2048,solve,13863.936523
6145,2048,solve,13546.496094
6145,2048,solve,13959.167969
6145,2048,solve,13946.879883
6145,2048,solve,13932.543945
6145,2048,solve,13869.055664
6145,2048,solve,13934.591797
6145,2048,solve,13715.552734
6145,2048,solve,13989.855469
6145,2048,solve,13782.015625
6145,2048,solve,6435.872070
6145,2048,solve,13948.927734
6145,2048,solve,14374.912109
6145,2048,solve,14377.023438
6145,2048,solve,14332.832031
6145,2048,solve,14193.664062
6145,2048,solve,14376.000000
6145,2048,solve,15083.519531
6145,2048,solve,14010.368164
6145,2048,solve,13954.047852
6145,2048,solve,13835.264648
6145,2048,solve,13761.535156
6145,2048,solve,14324.735352
6145,2048,solve,14433.312500
6145,2048,solve,14391.103516
6145,2048,solve,13973.503906
6145,2048,solve,13930.303711
6145,2048,solve,14114.815430
6145,2048,solve,14035.967773
6145,2048,solve,14101.503906
6145,2048,solve,13894.656250
6145,2048,solve,13919.455078
6145,2048,solve,13820.927734
6145,2048,solve,13740.032227
6145,2048,solve,14036.992188
6145,2048,solve,14484.639648
6145,2048,solve,13965.311523
6145,2048,solve,13599.711914
6145,2048,solve,13410.303711
6145,2048,solve,13808.639648
6145,2048,solve,13586.432617
6145,2048,solve,13907.936523
6145,2048,solve,13779.968750
6145,2048,solve,14004.223633
6145,2048,solve,14395.392578
6145,2048,solve,14348.320312
6145,2048,solve,13668.352539
6145,2048,solve,14452.863281
6145,2048,solve,13856.767578
6145,2048,solve,13992.959961
6145,2048,solve,14222.463867
6145,2048,solve,14548.992188
6145,2048,solve,14712.832031
6145,2048,solve,14669.823242
6145,2048,solve,15057.920898
6145,2048,solve,7054.335938
6145,2048,solve,15110.143555
6145,2048,solve,7936.000000
6145,2048,solve,7151.456055
6145,2048,solve,15064.064453
6145,2048,solve,14939.135742
6145,2048,solve,15088.735352
6145,2048,solve,15311.871094
6145,2048,solve,15135.744141
6145,2048,solve,7421.951660
6145,2048,solve,14704.640625
6145,2048,solve,14793.727539
6145,2048,solve,7844.863770
6145,2048,solve,14448.639648
6145,2048,solve,14585.856445
6145,2048,solve,15224.864258
6145,2048,solve,14481.568359
6145,2048,solve,7540.703613
6145,2048,solve,15154.175781
6145,2048,solve,15030.271484
6145,2048,solve,7902.208008
6145,2048,solve,14432.031250
6145,2048,solve,14717.087891
6145,2048,solve,15406.080078
6145,2048,solve,14987.263672
6145,2048,solve,7877.632324
6145,2048,solve,14991.488281
6145,2048,solve,13746.175781
6145,2048,solve,13625.344727
6145,2048,solve,13574.144531
6145,2048,solve,13315.072266
6145,2048,solve,13614.080078
6145,2048,solve,14098.431641
6145,2048,solve,13946.912109
6145,2048,solve,14128.127930
6145,2048,solve,14068.736328
6145,2048,solve,14173.312500
6145,2048,solve,14715.904297
6145,2048,solve,14049.280273
6145,2048,solve,13932.576172
6145,2048,solve,14316.576172
6145,2048,solve,14272.512695
6145,2048,solve,14268.416016
6145,2048,solve,14407.775391
6145,2048,solve,14622.719727
6145,2048,solve,14628.864258
6145,2048,solve,14435.392578
6145,2048,solve,14948.384766
6145,2048,solve,14346.240234
6145,2048,solve,14072.863281
6145,2048,solve,14054.400391
6145,2048,solve,14131.200195
6145,2048,solve,14103.551758
6145,2048,solve,14554.112305
6145,2048,solve,14404.607422
6145,2048,solve,14155.679688
6145,2048,solve,14065.664062
6145,2048,solve,13929.471680
6145,2048,solve,13804.544922
6145,2048,solve,14329.983398
6145,2048,solve,15847.423828
6145,2048,solve,14343.167969
6145,2048,solve,13593.600586
6145,2048,solve,13745.152344
6145,2048,solve,13290.496094
6145,2048,solve,13291.520508
6145,2048,solve,13807.456055
6145,2048,solve,13411.359375
6145,2048,solve,14065.664062
6145,2048,solve,14244.864258
6145,2048,solve,14496.895508
6145,2048,solve,14530.559570
6145,2048,solve,14356.543945
6145,2048,solve,13963.264648
6145,2048,solve,14312.447266
6145,2048,solve,14381.055664
6145,2048,solve,15020.032227
6145,2048,solve,14114.815430
6145,2048,solve,14652.416016
6145,2048,solve,14117.919922
6145,2048,solve,14972.832031
6145,2048,solve,14457.856445
6145,2048,solve,14976.000000
6145,2048,solve,14414.848633
6145,2048,solve,14420.992188
6145,2048,solve,14515.199219
6145,2048,solve,14784.511719
6145,2048,solve,14273.536133
6145,2048,solve,14187.680664
6145,2048,solve,14050.304688
6145,2048,solve,13898.751953
6145,2048,solve,6863.872070
6145,2048,solve,14491.679688
6145,2048,solve,13937.664062
6145,2048,solve,6856.800293
6145,2048,solve,14073.856445
6145,2048,solve,14008.320312
6145,2048,solve,13529.087891
6145,2048,solve,13373.375977
6145,2048,solve,13235.232422
6145,2048,solve,13686.784180
6145,2048,solve,16085.919922
6145,2048,solve,14502.911133
6145,2048,solve,14378.975586
6145,2048,solve,14292.991211
6145,2048,solve,14772.192383
6145,2048,solve,14748.671875
6145,2048,solve,14780.416016
6145,2048,solve,14461.952148
6145,2048,solve,13689.855469
6145,2048,solve,14220.288086
6145,2048,solve,13875.200195
6145,2048,solve,13929.471680
6145,2048,solve,14254.080078
6145,2048,solve,13846.528320
6145,2048,solve,13844.479492
6145,2048,solve,14020.608398
6145,2048,solve,14055.423828
6145,2048,solve,14016.511719
6145,2048,solve,14483.456055
6145,2048,solve,14086.144531
6145,2048,solve,13936.639648
6145,2048,solve,13718.527344
6145,2048,solve,13442.047852
6145,2048,solve,13487.232422
6145,2048,solve,6494.080078
6145,2048,solve,14190.591797
6145,2048,solve,6798.368164
6145,2048,solve,14045.184570
6145,2048,solve,14849.023438
6145,2048,solve,6978.560059
6145,2048,solve,15221.759766
6145,2048,solve,7207.936035
6145,2048,solve,15035.391602
6145,2048,solve,14935.040039
6145,2048,solve,14941.183594
6145,2048,solve,14780.543945
6145,2048,solve,14659.551758
6145,2048,solve,14326.751953
6145,2048,solve,13932.543945
6145,2048,solve,14312.479492
6145,2048,solve,14339.072266
6145,2048,solve,13945.856445
6145,2048,solve,14290.944336
6145,2048,solve,13894.656250
6145,2048,solve,14299.135742
6145,2048,solve,13542.400391
6145,2048,solve,13910.015625
6145,2048,solve,13594.624023
6145,2048,solve,14011.391602
6145,2048,solve,13599.744141
6145,2048,solve,13589.471680
6145,2048,solve,14026.752930
6145,2048,solve,13603.839844
6145,2048,solve,13936.639648
6145,2048,solve,13978.624023
6145,2048,solve,13563.904297
6145,2048,solve,6336.512207
6145,2048,solve,14291.968750
6145,2048,solve,16276.479492
6145,2048,solve,14115.839844
6145,2048,solve,14467.071289
6145,2048,solve,13992.032227
6145,2048,solve,6789.120117
6145,2048,solve,14114.815430
6145,2048,solve,14567.423828
6145,2048,solve,14485.600586
6145,2048,solve,14212.063477
6145,2048,solve,14133.248047
6145,2048,solve,14395.520508
6145,2048,solve,13532.160156
6145,2048,solve,13857.791992
6145,2048,solve,13415.424805
6145,2048,solve,13364.224609
6145,2048,solve,13554.688477
6145,2048,solve,13977.599609
6145,2048,solve,13854.751953
6145,2048,solve,13927.424805
6145,2048,solve,6636.544434
6145,2048,solve,14658.559570
6145,2048,solve,6575.104004
6145,2048,solve,14616.576172
6145,2048,solve,6713.344238
6145,2048,solve,14185.471680
6145,2048,solve,14235.648438
6145,2048,solve,14961.664062
6145,2048,solve,16942.080078
6145,2048,solve,14268.448242
6145,2048,solve,6801.407715
6145,2048,solve,14546.943359
6145,2048,solve,6804.479980
6145,2048,solve,14505.984375
6145,2048,solve,7212.031738
6145,2048,solve,16160.768555
6145,2048,solve,7047.167969
6145,2048,solve,14937.087891
6145,2048,solve,14419.967773
6145,2048,solve,14587.776367
6145,2048,solve,14134.271484
6145,2048,solve,14226.431641
6145,2048,solve,14202.976562
6145,2048,solve,14316.543945
6145,2048,solve,14141.440430
6145,2048,solve,14115.839844
6145,2048,solve,14125.056641
6145,2048,solve,14272.512695
6145,2048,solve,6670.335938
6145,2048,solve,13771.776367
6145,2048,solve,13664.255859
6145,2048,solve,6309.887695
6145,2048,solve,13570.047852
6145,2048,solve,6356.991699
6145,2048,solve,13633.440430
6145,2048,solve,14163.967773
6145,2048,solve,6419.456055
6145,2048,solve,14150.751953
6145,2048,solve,6737.952148
6145,2048,solve,16409.599609
6145,2048,solve,14488.576172
6145,2048,solve,14597.120117
6145,2048,solve,14439.423828
6145,2048,solve,14600.192383
6145,2048,solve,14287.872070
6145,2048,solve,14100.480469
6145,2048,solve,14015.520508
6145,2048,solve,13801.471680
6145,2048,solve,13454.400391
6145,2048,solve,13426.783203
6145,2048,solve,13487.104492
6145,2048,solve,13537.280273
6145,2048,solve,13642.751953
6145,2048,solve,13878.272461
6145,2048,solve,13933.503906
6145,2048,solve,13954.047852
6145,2048,solve,6477.824219
6145,2048,solve,13972.479492
6145,2048,solve,13914.112305
6145,2048,solve,6642.687988
6145,2048,solve,14003.199219
6145,2048,solve,6496.255859
6145,2048,solve,14263.295898
6145,2048,solve,6418.432129
6145,2048,solve,14843.903320
6145,2048,solve,9058.303711
6145,2048,solve,14540.799805
6145,2048,solve,7056.255859
6145,2048,solve,14503.935547
6145,2048,solve,14646.112305
6145,2048,solve,14385.184570
6145,2048,solve,13898.751953
6145,2048,solve,13835.264648
6145,2048,solve,13728.768555
6145,2048,solve,13569.055664
6145,2048,solve,6288.383789
6145,2048,solve,13488.127930
6145,2048,solve,13523.967773
6145,2048,solve,13538.304688
6145,2048,solve,13981.759766
6145,2048,solve,13878.272461
6145,2048,solve,14022.591797
6145,2048,solve,14038.016602
6145,2048,solve,6845.439941
6145,2048,solve,15918.080078
6145,2048,solve,14368.767578
6145,2048,solve,14872.576172
6145,2048,solve,6973.439941
6145,2048,solve,16222.112305
6145,2048,solve,14174.208008
6145,2048,solve,14004.223633
6145,2048,solve,6490.111816
6145,2048,solve,13887.488281
6145,2048,solve,13888.511719
6145,2048,solve,13902.848633
6145,2048,solve,13887.488281
6145,2048,solve,6741.119629
6145,2048,solve,16324.607422
6145,2048,solve,14569.472656
6145,2048,solve,14482.560547
6145,2048,solve,14491.647461
6145,2048,solve,14431.232422
6145,2048,solve,14468.095703
6145,2048,solve,14271.488281
6145,2048,solve,14659.583984
6145,2048,solve,14559.231445
6145,2048,solve,14402.560547
6145,2048,solve,14469.120117
6145,2048,solve,6964.223633
6145,2048,solve,14412.799805
6145,2048,solve,6766.591797
6145,2048,solve,13967.359375
6145,2048,solve,13972.448242
6145,2048,solve,6407.167969
6145,2048,solve,13454.335938
6145,2048,solve,13399.104492
6145,2048,solve,13565.952148
6145,2048,solve,13794.303711
6145,2048,solve,13839.295898
6145,2048,solve,14369.952148
6145,2048,solve,13970.432617
6145,2048,solve,14117.759766
6145,2048,solve,14265.343750
6145,2048,solve,13799.360352
6145,2048,solve,13880.319336
6145,2048,solve,13788.160156
6145,2048,solve,13952.000000
6145,2048,solve,6438.912109
6145,2048,solve,13887.488281
6145,2048,solve,6494.175781
6145,2048,solve,14262.271484
6145,2048,solve,6432.768066
6145,2048,solve,13862.912109
6145,2048,solve,13879.295898
6145,2048,solve,14298.112305
6145,2048,solve,14564.351562
6145,2048,solve,13867.007812
6145,2048,solve,14268.480469
6145,2048,solve,13964.288086
6145,2048,solve,6448.128418
6145,2048,solve,6775.807617
6145,2048,solve,16221.121094
6145,2048,solve,6843.392090
6145,2048,solve,14307.328125
6145,2048,solve,14062.591797
6145,2048,solve,7326.655762
6145,2048,solve,14560.255859
6145,2048,solve,7030.784180
6145,2048,solve,7079.967773
6145,2048,solve,14444.543945
6145,2048,solve,14041.087891
6145,2048,solve,14012.416016
6145,2048,solve,13766.688477
6145,2048,solve,13869.055664
6145,2048,solve,6561.791992
6145,2048,solve,13827.168945
6145,2048,solve,13805.567383
6145,2048,solve,13816.832031
6145,2048,solve,6787.072266
6145,2048,solve,16036.863281
6145,2048,solve,14167.040039
6145,2048,solve,14023.679688
6145,2048,solve,13939.711914
6145,2048,solve,6841.375977
6145,2048,solve,14216.192383
6145,2048,solve,13920.255859
6145,2048,solve,13976.576172
6145,2048,solve,7020.543945
6145,2048,solve,13939.711914
6145,2048,solve,14034.943359
6145,2048,solve,13903.871094
6145,2048,solve,13877.248047
6145,2048,solve,14155.776367
6145,2048,solve,14155.776367
6145,2048,solve,13929.471680
6145,2048,solve,14210.016602
6145,2048,solve,14295.040039
6145,2048,solve,14137.344727
6145,2048,solve,14112.768555
6145,2048,solve,13985.791992
6145,2048,solve,7029.759766
6145,2048,solve,16184.320312
6145,2048,solve,6747.136230
6145,2048,solve,14009.183594
6145,2048,solve,14216.192383
6145,2048,solve,14381.055664
6145,2048,solve,14277.600586
6145,2048,solve,6526.879883
6145,2048,solve,13598.719727
6145,2048,solve,14557.215820
6145,2048,solve,7621.632324
6145,2048,solve,16514.046875
6145,2048,solve,15904.735352
6145,2048,solve,13942.784180
6145,2048,solve,13840.383789
6145,2048,solve,13814.784180
6145,2048,solve,14162.943359
6145,2048,solve,15885.312500
6145,2048,solve,14272.671875
6145,2048,solve,13890.560547
6145,2048,solve,13673.536133
6145,2048,solve,13509.631836
6145,2048,solve,13816.832031
6145,2048,solve,13884.416016
6145,2048,solve,13908.992188
6145,2048,solve,13846.528320
6145,2048,solve,13790.176758
6145,2048,solve,13797.375977
6145,2048,solve,13894.656250
6145,2048,solve,13771.776367
6145,2048,solve,14069.760742
6145,2048,solve,14113.856445
6145,2048,solve,13937.727539
6145,2048,solve,14108.671875
6145,2048,solve,13997.120117
6145,2048,solve,14192.640625
6145,2048,solve,14361.599609
6145,2048,solve,13978.719727
6145,2048,solve,14280.703125
6145,2048,solve,6743.040039
6145,2048,solve,14251.007812
6145,2048,solve,13879.295898
6145,2048,solve,14273.536133
6145,2048,solve,14292.991211
6145,2048,solve,14021.631836
6145,2048,solve,13931.520508
6145,2048,solve,13628.416016
6145,2048,solve,6350.848145
6145,2048,solve,13887.488281
6145,2048,solve,13921.280273
6145,2048,solve,6603.775879
6145,2048,solve,14110.848633
6145,2048,solve,14329.855469
6145,2048,solve,13952.000000
6145,2048,solve,14253.055664
6145,2048,solve,14230.528320
6145,2048,solve,14211.072266
6145,2048,solve,6697.984375
6145,2048,solve,13766.656250
6145,2048,solve,13999.103516
6145,2048,solve,13722.624023
6145,2048,solve,14002.176758
6145,2048,solve,13997.984375
6145,2048,solve,13803.520508
6145,2048,solve,13949.952148
6145,2048,solve,14425.184570
6145,2048,solve,15827.839844
6145,2048,solve,14066.591797
6145,2048,solve,13969.408203
6145,2048,solve,13822.879883
6145,2048,solve,13622.271484
6145,2048,solve,13787.135742
6145,2048,solve,14576.639648
6145,2048,solve,15902.720703
6145,2048,solve,14402.560547
6145,2048,solve,13891.583984
6145,2048,solve,13941.759766
6145,2048,solve,14265.343750
6145,2048,solve,15042.559570
6145,2048,solve,13691.839844
6145,2048,solve,14265.343750
6145,2048,solve,13828.096680
6145,2048,solve,13514.751953
6145,2048,solve,13357.055664
6145,2048,solve,13916.159180
6145,2048,solve,14927.872070
6145,2048,solve,13870.080078
6145,2048,solve,13307.904297
6145,2048,solve,13609.056641
6145,2048,solve,13417.536133
6145,2048,solve,13922.303711
6145,2048,solve,13458.432617
6145,2048,solve,14052.351562
6145,2048,solve,13838.335938
6145,2048,solve,14635.007812
6145,2048,solve,14624.768555
6145,2048,solve,14270.463867
6145,2048,solve,7070.720215
6145,2048,solve,16488.447266
6145,2048,solve,14736.384766
6145,2048,solve,14332.927734
6145,2048,solve,6662.144043
6145,2048,solve,14243.839844
6145,2048,solve,14209.024414
6145,2048,solve,14341.152344
6145,2048,solve,14030.847656
6145,2048,solve,14246.912109
6145,2048,solve,14766.080078
6145,2048,solve,14431.232422
6145,2048,solve,13832.192383
6145,2048,solve,14362.624023
6145,2048,solve,8609.760742
6145,2048,solve,14333.952148
6145,2048,solve,13770.751953
6145,2048,solve,13971.456055
6145,2048,solve,13999.103516
6145,2048,solve,14291.968750
6145,2048,solve,13743.103516
6145,2048,solve,13766.656250
6145,2048,solve,13904.767578
6145,2048,solve,13830.143555
6145,2048,solve,14003.199219
6145,2048,solve,14260.319336
6145,2048,solve,16199.680664
6145,2048,solve,14232.640625
6145,2048,solve,14193.664062
6145,2048,solve,14335.872070
6145,2048,solve,14682.111328
6145,2048,solve,14109.696289
6145,2048,solve,14052.351562
6145,2048,solve,13538.304688
6145,2048,solve,13415.424805
6145,2048,solve,13668.352539
6145,2048,solve,13366.368164
6145,2048,solve,13669.375977
6145,2048,solve,13264.864258
6145,2048,solve,13488.127930
6145,2048,solve,14164.000000
6145,2048,solve,16491.519531
6145,2048,solve,14498.815430
6145,2048,solve,14043.040039
6145,2048,solve,13920.288086
6145,2048,solve,13934.591797
6145,2048,solve,14182.399414
6145,2048,solve,14160.896484
6145,2048,solve,14052.351562
6145,2048,solve,14522.368164
6145,2048,solve,14518.272461
6145,2048,solve,14021.536133
6145,2048,solve,14057.503906
6145,2048,solve,13615.103516
6145,2048,solve,13864.064453
6145,2048,solve,14048.192383
6145,2048,solve,14054.431641
6145,2048,solve,15813.696289
6145,2048,solve,14296.064453
6145,2048,solve,13613.023438
6145,2048,solve,13942.784180
6145,2048,solve,13545.471680
6145,2048,solve,14075.904297
6145,2048,solve,13850.591797
6145,2048,solve,13547.519531
6145,2048,solve,13986.816406
6145,2048,solve,13962.240234
6145,2048,solve,13532.160156
6145,2048,solve,13942.784180
6145,2048,solve,13546.463867
6145,2048,solve,14233.599609
6145,2048,solve,13542.400391
6145,2048,solve,13902.848633
6145,2048,solve,13759.488281
6145,2048,solve,13885.408203
6145,2048,solve,13562.879883
6145,2048,solve,13987.839844
6145,2048,solve,13947.936523
6145,2048,solve,13938.688477
6145,2048,solve,13580.288086
6145,2048,solve,13526.016602
6145,2048,solve,13974.528320
6145,2048,solve,13543.487305
6145,2048,solve,13590.527344
6145,2048,solve,13507.583984
6145,2048,solve,13960.255859
6145,2048,solve,13750.271484
6145,2048,solve,14392.319336
6145,2048,solve,14231.551758
6145,2048,solve,14176.255859
6145,2048,solve,14257.151367
6145,2048,solve,13826.080078
6145,2048,solve,14051.423828
6145,2048,solve,13963.264648
6145,2048,solve,13913.087891
6145,2048,solve,14023.679688
6145,2048,solve,13741.056641
6145,2048,solve,13664.255859
6145,2048,solve,13661.184570
6145,2048,solve,14031.872070
6145,2048,solve,13785.087891
6145,2048,solve,13749.247070
6145,2048,solve,14078.080078
6145,2048,solve,13888.543945
6145,2048,solve,13839.360352
6145,2048,solve,13578.240234
6145,2048,solve,13573.120117
6145,2048,solve,13905.919922
6145,2048,solve,13634.559570
6145,2048,solve,13636.608398
6145,2048,solve,13791.392578
6145,2048,solve,13961.215820
6145,2048,solve,15947.775391
6145,2048,solve,13962.240234
6145,2048,solve,13785.087891
6145,2048,solve,13622.271484
6145,2048,solve,13670.399414
6145,2048,solve,13417.471680
6145,2048,solve,13374.463867
6145,2048,solve,13668.352539
6145,2048,solve,13710.335938
6145,2048,solve,13867.007812
6145,2048,solve,6386.688477
6145,2048,solve,6491.136230
6145,2048,solve,14236.672852
6145,2048,solve,7015.423828
6145,2048,solve,14321.696289
6145,2048,solve,14453.759766
6145,2048,solve,14379.072266
6145,2048,solve,14291.935547
6145,2048,solve,14155.776367
6145,2048,solve,14210.047852
6145,2048,solve,14319.616211
6145,2048,solve,14298.112305
6145,2048,solve,14243.839844
6145,2048,solve,6559.743652
6145,2048,solve,6762.496094
6145,2048,solve,14173.184570
6145,2048,solve,14009.343750
6145,2048,solve,14661.631836
6145,2048,solve,16678.912109
6145,2048,solve,14676.000000
6145,2048,solve,14394.368164
6145,2048,solve,14430.208008
6145,2048,solve,14409.728516
6145,2048,solve,14442.624023
6145,2048,solve,14371.839844
6145,2048,solve,14167.040039
6145,2048,solve,13992.064453
6145,2048,solve,14070.783203
6145,2048,solve,14261.248047
6145,2048,solve,14199.808594
6145,2048,solve,14203.007812
6145,2048,solve,14251.007812
6145,2048,solve,14129.088867
6145,2048,solve,14099.519531
6145,2048,solve,14038.016602
6145,2048,solve,14451.711914
6145,2048,solve,14433.280273
6145,2048,solve,14223.360352
6145,2048,solve,14392.352539
6145,2048,solve,14280.703125
6145,2048,solve,14382.080078
6145,2048,solve,14206.975586
6145,2048,solve,13963.264648
6145,2048,solve,13615.103516
6145,2048,solve,13352.895508
6145,2048,solve,13483.135742
6145,2048,solve,13643.872070
6145,2048,solve,13783.040039
6145,2048,solve,6655.872070
6145,2048,solve,14058.496094
6145,2048,solve,14289.919922
6145,2048,solve,14430.208008
6145,2048,solve,14338.144531
6145,2048,solve,14504.959961
6145,2048,solve,14385.248047
6145,2048,solve,14754.816406
6145,2048,solve,14741.503906
6145,2048,solve,14196.799805
6145,2048,solve,14275.583984
6145,2048,solve,14097.408203
6145,2048,solve,13689.855469
6145,2048,solve,14036.992188
6145,2048,solve,14101.503906
6145,2048,solve,13564.927734
6145,2048,solve,13665.280273
6145,2048,solve,13642.815430
6145,2048,solve,13643.776367
6145,2048,solve,13688.863281
6145,2048,solve,14083.071289
6145,2048,solve,6718.463867
6145,2048,solve,15942.655273
6145,2048,solve,6602.752441
6145,2048,solve,13892.607422
6145,2048,solve,14131.327148
6145,2048,solve,14548.992188
6145,2048,solve,14211.072266
6145,2048,solve,14127.103516
6145,2048,solve,14148.608398
6145,2048,solve,14501.888672
6145,2048,solve,14102.527344
6145,2048,solve,13540.351562
6145,2048,solve,13617.152344
6145,2048,solve,14024.767578
6145,2048,solve,13556.736328
6145,2048,solve,13527.104492
6145,2048,solve,14113.791992
6145,2048,solve,14143.488281
6145,2048,solve,14129.152344
6145,2048,solve,14184.448242
6145,2048,solve,13825.023438
6145,2048,solve,14237.695312
6145,2048,solve,14204.928711
6145,2048,solve,13828.096680
6145,2048,solve,13811.711914
6145,2048,solve,13873.151367
6145,2048,solve,14324.704102
6145,2048,solve,6951.935547
6145,2048,solve,16660.480469
6145,2048,solve,14825.440430
6145,2048,solve,13895.680664
6145,2048,solve,14250.016602
6145,2048,solve,14386.175781
6145,2048,solve,13992.927734
6145,2048,solve,14255.104492
6145,2048,solve,13940.735352
6145,2048,solve,14041.087891
6145,2048,solve,13959.200195
6145,2048,solve,14047.167969
6145,2048,solve,13785.087891
6145,2048,solve,13874.175781
6145,2048,solve,13315.072266
6145,2048,solve,13319.167969
6145,2048,solve,13789.152344
6145,2048,solve,13962.240234
6145,2048,solve,13970.432617
6145,2048,solve,13926.335938
6145,2048,solve,14042.112305
6145,2048,solve,14054.400391
6145,2048,solve,14090.239258
6145,2048,solve,14014.431641
6145,2048,solve,14029.824219
6145,2048,solve,7047.167969
6145,2048,solve,16253.952148
6145,2048,solve,14511.103516
6145,2048,solve,14152.704102
6145,2048,solve,14138.367188
6145,2048,solve,6767.615723
6145,2048,solve,16487.425781
6145,2048,solve,14297.984375
6145,2048,solve,6477.824219
6145,2048,solve,13665.343750
6145,2048,solve,13636.608398
6145,2048,solve,13709.312500
6145,2048,solve,13908.992188
6145,2048,solve,13672.448242
6145,2048,solve,13940.735352
6145,2048,solve,14102.527344
6145,2048,solve,14381.055664
6145,2048,solve,14119.935547
6145,2048,solve,14216.192383
6145,2048,solve,6876.160156
6145,2048,solve,14170.111328
6145,2048,solve,6855.680176
6145,2048,solve,13929.471680
6145,2048,solve,14121.055664
6145,2048,solve,14132.223633
6145,2048,solve,6852.608398
6145,2048,solve,14060.543945
6145,2048,solve,6529.023926
6145,2048,solve,13744.127930
6145,2048,solve,13780.991211
6145,2048,solve,13619.200195
6145,2048,solve,13664.255859
6145,2048,solve,14022.656250
6145,2048,solve,13677.568359
6145,2048,solve,14100.480469
6145,2048,solve,14191.616211
6145,2048,solve,13745.152344
6145,2048,solve,14142.368164
6145,2048,solve,6395.904297
6145,2048,solve,13718.527344
6145,2048,solve,6312.959961
6145,2048,solve,13741.056641
6145,2048,solve,14086.144531
6145,2048,solve,13674.368164
6145,2048,solve,6346.848145
6145,2048,solve,6629.375977
6145,2048,solve,9031.679688
6145,2048,solve,14832.639648
6145,2048,solve,14190.591797
6145,2048,solve,13699.072266
6145,2048,solve,14121.855469
6145,2048,solve,14101.503906
6145,2048,solve,6296.576172
6145,2048,solve,14039.040039
6145,2048,solve,6362.111816
6145,2048,solve,14172.160156
6145,2048,solve,14039.072266
6145,2048,solve,16533.503906
6145,2048,solve,14087.167969
6145,2048,solve,14014.464844
6145,2048,solve,14041.087891
6145,2048,solve,13803.520508
6145,2048,solve,13589.503906
6145,2048,solve,14002.271484
6145,2048,solve,16136.192383
6145,2048,solve,14020.543945
6145,2048,solve,6292.319824
6145,2048,solve,6645.760254
6145,2048,solve,8933.375977
6145,2048,solve,16070.656250
6145,2048,solve,13868.032227
6145,2048,solve,14035.040039
6145,2048,solve,13769.791992
6145,2048,solve,13421.568359
6145,2048,solve,13438.080078
6145,2048,solve,7025.631836
6145,2048,solve,9281.536133
6145,2048,solve,6962.144043
6145,2048,solve,14120.032227
6145,2048,solve,13914.112305
6145,2048,solve,13935.615234
6145,2048,solve,6695.936035
6145,2048,solve,13950.976562
6145,2048,solve,13844.479492
6145,2048,solve,13875.200195
6145,2048,solve,6699.007812
6145,2048,solve,13605.888672
6145,2048,solve,13530.112305
6145,2048,solve,6495.200195
6145,2048,solve,15660.927734
6145,2048,solve,6920.191895
6145,2048,solve,14187.520508
6145,2048,solve,6791.167969
6145,2048,solve,6763.519531
6145,2048,solve,16033.792969
6145,2048,solve,14140.320312
6145,2048,solve,13830.143555
6145,2048,solve,6769.663574
6145,2048,solve,8576.992188
6145,2048,solve,7181.503906
6145,2048,solve,14208.000000
6145,2048,solve,13931.520508
6145,2048,solve,13860.863281
6145,2048,solve,6965.248047
6145,2048,solve,15978.656250
6145,2048,solve,14121.983398
6145,2048,solve,6446.080078
6145,2048,solve,6373.407715
6145,2048,solve,13639.679688
6145,2048,solve,6681.759766
6145,2048,solve,15712.256836
6145,2048,solve,14081.024414
6145,2048,solve,6386.688477
6145,2048,solve,14090.239258
6145,2048,solve,16097.280273
6145,2048,solve,6674.528320
6145,2048,solve,6561.791992
6145,2048,solve,13721.599609
6145,2048,solve,13641.728516
6145,2048,solve,13702.143555
6145,2048,solve,13647.872070
6145,2048,solve,13692.928711
6145,2048,solve,13763.583984
6145,2048,solve,13783.040039
6145,2048,solve,13796.352539
6145,2048,solve,6682.624023
6145,2048,solve,16147.487305
6145,2048,solve,14532.608398
6145,2048,solve,13975.551758
6145,2048,solve,13844.479492
6145,2048,solve,13930.496094
6145,2048,solve,15593.471680
6145,2048,solve,13630.496094
6145,2048,solve,13472.767578
6145,2048,solve,13421.568359
6145,2048,solve,13487.104492
6145,2048,solve,13846.528320
6145,2048,solve,15983.616211
6145,2048,solve,13801.440430
6145,2048,solve,6407.167969
6145,2048,solve,13611.007812
6145,2048,solve,6589.439941
6145,2048,solve,13720.671875
6145,2048,solve,14074.879883
6145,2048,solve,15819.775391
6145,2048,solve,6626.304199
6145,2048,solve,14075.904297
6145,2048,solve,13809.664062
6145,2048,solve,13780.991211
6145,2048,solve,13835.264648
6145,2048,solve,13772.735352
6145,2048,solve,13807.616211
6145,2048,solve,13706.239258
6145,2048,solve,6735.871582
6145,2048,solve,15928.288086
6145,2048,solve,6653.952148
6145,2048,solve,13814.784180
6145,2048,solve,13776.799805
6145,2048,solve,13764.576172
6145,2048,solve,13743.136719
6145,2048,solve,13756.416016
6145,2048,solve,13773.824219
6145,2048,solve,13631.488281
6145,2048,solve,14108.703125
6145,2048,solve,13721.599609
6145,2048,solve,13754.368164
6145,2048,solve,14039.072266
6145,2048,solve,14045.087891
6145,2048,solve,14927.744141
6145,2048,solve,6559.743652
6145,2048,solve,13880.288086
6145,2048,solve,6727.680176
6145,2048,solve,16581.599609
6145,2048,solve,6794.240234
6145,2048,solve,13842.431641
6145,2048,solve,13740.032227
6145,2048,solve,13745.152344
6145,2048,solve,14100.480469
6145,2048,solve,13811.839844
6145,2048,solve,14093.312500
6145,2048,solve,6763.519531
6145,2048,solve,16193.537109
6145,2048,solve,6632.448242
6145,2048,solve,13532.160156
6145,2048,solve,13759.488281
6145,2048,solve,13962.240234
6145,2048,solve,14302.335938
6145,2048,solve,14036.992188
6145,2048,solve,14320.639648
6145,2048,solve,13999.040039
6145,2048,solve,14116.864258
6145,2048,solve,6776.832031
6145,2048,solve,14302.208008
6145,2048,solve,6626.271973
6145,2048,solve,14262.271484
6145,2048,solve,14389.248047
6145,2048,solve,13556.703125
6145,2048,solve,13870.080078
6145,2048,solve,6682.624023
6145,2048,solve,13785.087891
6145,2048,solve,6453.248047
6145,2048,solve,13871.104492
6145,2048,solve,7067.647949
6145,2048,solve,15799.295898
6145,2048,solve,7028.736328
6145,2048,solve,6868.991699
6145,2048,solve,14717.791992
6145,2048,solve,6861.824219
6145,2048,solve,14565.375977
6145,2048,solve,14107.616211
6145,2048,solve,13986.816406
6145,2048,solve,13995.040039
6145,2048,solve,14000.127930
6145,2048,solve,6391.808105
6145,2048,solve,13888.511719
6145,2048,solve,13558.783203
6145,2048,solve,13696.000000
6145,2048,solve,6419.487793
6145,2048,solve,13839.360352
6145,2048,solve,14008.320312
6145,2048,solve,14097.408203
6145,2048,solve,6587.392090
6145,2048,solve,14015.487305
6145,2048,solve,13989.888672
6145,2048,solve,14390.272461
6145,2048,solve,14858.240234
6145,2048,solve,10384.383789
6145,2048,solve,15425.536133
6145,2048,solve,7183.328125
6145,2048,solve,7123.968262
6145,2048,solve,14968.832031
6145,2048,solve,7067.647949
6145,2048,solve,14601.280273
6145,2048,solve,14359.647461
6145,2048,solve,14055.423828
6145,2048,solve,14063.616211
6145,2048,solve,13940.735352
6145,2048,solve,14093.407227
6145,2048,solve,13680.640625
6145,2048,solve,13598.848633
6145,2048,solve,13749.247070
6145,2048,solve,13620.223633
6145,2048,solve,13951.935547
6145,2048,solve,13937.631836
6145,2048,solve,15743.967773
6145,2048,solve,14080.127930
6145,2048,solve,14176.192383
6145,2048,solve,13963.264648
6145,2048,solve,13542.400391
6145,2048,solve,13428.735352
6145,2048,solve,6646.783691
6145,2048,solve,15897.600586
6145,2048,solve,13925.375977
6145,2048,solve,14124.032227
6145,2048,solve,14237.695312
6145,2048,solve,13656.064453
6145,2048,solve,13580.288086
6145,2048,solve,13613.056641
6145,2048,solve,13939.711914
6145,2048,solve,13622.271484
6145,2048,solve,14115.839844
6145,2048,solve,13644.799805
6145,2048,solve,14006.272461
6145,2048,solve,13975.551758
6145,2048,solve,13919.295898
6145,2048,solve,13635.583984
6145,2048,solve,14007.295898
6145,2048,solve,13542.400391
6145,2048,solve,13591.551758
6145,2048,solve,14271.488281
6145,2048,solve,14017.536133
6145,2048,solve,13966.335938
6145,2048,solve,13948.927734
6145,2048,solve,14015.487305
6145,2048,solve,6708.223633
6145,2048,solve,15841.280273
6145,2048,solve,14398.496094
6145,2048,solve,13812.735352
6145,2048,solve,6302.720215
6145,2048,solve,14006.272461
6145,2048,solve,14104.576172
6145,2048,solve,13641.728516
6145,2048,solve,14069.824219
6145,2048,solve,14047.231445
6145,2048,solve,13524.992188
6145,2048,solve,13599.744141
6145,2048,solve,14052.351562
6145,2048,solve,13698.111328
6145,2048,solve,6408.095703
6145,2048,solve,14380.031250
6145,2048,solve,14128.095703
6145,2048,solve,13786.112305
6145,2048,solve,6358.016113
6145,2048,solve,13687.807617
6145,2048,solve,13750.271484
6145,2048,solve,13756.416016
6145,2048,solve,13661.184570
6145,2048,solve,13775.872070
6145,2048,solve,13662.208008
6145,2048,solve,14035.967773
6145,2048,solve,13783.072266
6145,2048,solve,13735.936523
6145,2048,solve,14156.832031
6145,2048,solve,14156.799805
6145,2048,solve,13985.791992
6145,2048,solve,14577.664062
6145,2048,solve,16015.360352
6145,2048,solve,13872.160156
6145,2048,solve,13889.536133
6145,2048,solve,13739.007812
6145,2048,solve,13529.087891
6145,2048,solve,13803.327148
6145,2048,solve,14161.919922
6145,2048,solve,13945.856445
6145,2048,solve,16094.208008
6145,2048,solve,14258.175781
6145,2048,solve,13677.568359
6145,2048,solve,13749.247070
6145,2048,solve,13669.375977
6145,2048,solve,13587.456055
6145,2048,solve,13500.416016
6145,2048,solve,14104.576172
6145,2048,solve,13719.551758
6145,2048,solve,13779.968750
6145,2048,solve,13748.127930
6145,2048,solve,14420.959961
6145,2048,solve,14104.576172
6145,2048,solve,13861.887695
6145,2048,solve,13807.616211
6145,2048,solve,6347.775879
6145,2048,solve,6419.551758
6145,2048,solve,14099.456055
6145,2048,solve,6760.447754
6145,2048,solve,9078.624023
6145,2048,solve,14824.447266
6145,2048,solve,14300.160156
6145,2048,solve,13957.120117
6145,2048,solve,14073.856445
6145,2048,solve,13460.384766
6145,2048,solve,14126.079102
6145,2048,solve,15809.375977
6145,2048,solve,13731.839844
6145,2048,solve,13500.416016
6145,2048,solve,13864.959961
6145,2048,solve,13501.440430
6145,2048,solve,13872.127930
6145,2048,solve,13914.175781
6145,2048,solve,14004.223633
6145,2048,solve,13813.759766
6145,2048,solve,14192.640625
6145,2048,solve,14170.111328
6145,2048,solve,6597.472168
6145,2048,solve,14080.000000
6145,2048,solve,13985.664062
6145,2048,solve,13786.112305
6145,2048,solve,14435.392578
6145,2048,solve,14002.240234
6145,2048,solve,14083.071289
6145,2048,solve,13913.087891
6145,2048,solve,6473.760254
6145,2048,solve,14234.496094
6145,2048,solve,13954.047852
6145,2048,solve,14259.200195
6145,2048,solve,6697.984375
6145,2048,solve,14029.824219
6145,2048,solve,13954.976562
6145,2048,solve,14660.608398
6145,2048,solve,16149.503906
6145,2048,solve,14720.000000
6145,2048,solve,13936.639648
6145,2048,solve,14317.567383
6145,2048,solve,13931.520508
6145,2048,solve,14013.600586
6145,2048,solve,13421.568359
6145,2048,solve,13846.528320
6145,2048,solve,13333.503906
6145,2048,solve,13659.135742
6145,2048,solve,13604.864258
6145,2048,solve,13602.815430
6145,2048,solve,14448.639648
6145,2048,solve,14465.024414
6145,2048,solve,14042.112305
6145,2048,solve,14444.543945
6145,2048,solve,14089.088867
6145,2048,solve,13984.767578
6145,2048,solve,14089.120117
6145,2048,solve,14102.463867
6145,2048,solve,14135.295898
6145,2048,solve,14065.664062
6145,2048,solve,14048.255859
6145,2048,solve,14071.807617
6145,2048,solve,14006.272461
6145,2048,solve,13948.927734
6145,2048,solve,13838.335938
6145,2048,solve,13917.183594
6145,2048,solve,13835.328125
6145,2048,solve,13843.456055
6145,2048,solve,13759.456055
6145,2048,solve,13732.864258
6145,2048,solve,13649.920898
6145,2048,solve,13713.408203
6145,2048,solve,13753.343750
6145,2048,solve,13787.135742
6145,2048,solve,13732.864258
6145,2048,solve,13798.496094
6145,2048,solve,13771.744141
6145,2048,solve,13833.312500
6145,2048,solve,13780.896484
6145,2048,solve,13970.527344
6145,2048,solve,13810.688477
6145,2048,solve,14104.576172
6145,2048,solve,14145.536133
6145,2048,solve,14040.063477
6145,2048,solve,14070.848633
6145,2048,solve,14096.383789
6145,2048,solve,13748.224609
6145,2048,solve,13671.423828
6145,2048,solve,13572.095703
6145,2048,solve,13633.536133
6145,2048,solve,13659.104492
6145,2048,solve,14309.375977
6145,2048,solve,16082.847656
6145,2048,solve,14460.927734
6145,2048,solve,14633.983398
6145,2048,solve,14870.559570
6145,2048,solve,14795.776367
6145,2048,solve,14538.751953
6145,2048,solve,14135.295898
6145,2048,solve,14397.536133
6145,2048,solve,14306.303711
6145,2048,solve,14376.032227
6145,2048,solve,14174.208008
6145,2048,solve,14039.040039
6145,2048,solve,13846.528320
6145,2048,solve,13741.056641
6145,2048,solve,13357.055664
6145,2048,solve,13650.943359
6145,2048,solve,13487.104492
6145,2048,solve,13665.343750
6145,2048,solve,14052.479492
6145,2048,solve,13885.439453
6145,2048,solve,14026.752930
6145,2048,solve,14009.343750
6145,2048,solve,6702.079590
6145,2048,solve,14169.024414
6145,2048,solve,14105.600586
6145,2048,solve,14065.664062
6145,2048,solve,14021.631836
6145,2048,solve,13961.215820
6145,2048,solve,14593.024414
6145,2048,solve,8819.711914
6145,2048,solve,14513.152344
6145,2048,solve,14467.071289
6145,2048,solve,7097.407715
6145,2048,solve,14598.143555
6145,2048,solve,7066.687988
6145,2048,solve,7032.832031
6145,2048,solve,14594.047852
6145,2048,solve,14195.711914
6145,2048,solve,14645.248047
6145,2048,solve,14843.903320
6145,2048,solve,7541.759766
6145,2048,solve,14877.696289
6145,2048,solve,14734.335938
6145,2048,solve,15121.408203
6145,2048,solve,14747.648438
6145,2048,solve,14063.648438
6145,2048,solve,13916.159180
6145,2048,solve,13924.351562
6145,2048,solve,13946.879883
6145,2048,solve,13775.872070
6145,2048,solve,14130.240234
6145,2048,solve,13714.496094
6145,2048,solve,14088.159180
6145,2048,solve,13900.799805
6145,2048,solve,13603.839844
6145,2048,solve,14172.127930
6145,2048,solve,14176.255859
6145,2048,solve,16783.359375
6145,2048,solve,14304.256836
6145,2048,solve,14140.416016
6145,2048,solve,13667.328125
6145,2048,solve,13575.167969
6145,2048,solve,13975.551758
6145,2048,solve,13593.600586
6145,2048,solve,13949.888672
6145,2048,solve,14460.927734
6145,2048,solve,14251.007812
6145,2048,solve,14358.528320
6145,2048,solve,16094.208008
6145,2048,solve,14534.655273
6145,2048,solve,14389.248047
6145,2048,solve,14469.087891
6145,2048,solve,13876.223633
6145,2048,solve,13971.456055
6145,2048,solve,13954.047852
6145,2048,solve,13634.559570
6145,2048,solve,13369.343750
6145,2048,solve,13403.008789
6145,2048,solve,13748.224609
6145,2048,solve,13836.288086
6145,2048,solve,14320.768555
6145,2048,solve,14532.735352
6145,2048,solve,15105.024414
6145,2048,solve,14833.664062
6145,2048,solve,14290.816406
6145,2048,solve,14390.400391
6145,2048,solve,14430.208008
6145,2048,solve,14341.120117
6145,2048,solve,13926.400391
6145,2048,solve,14083.071289
6145,2048,solve,13685.759766
6145,2048,solve,13769.727539
6145,2048,solve,13732.864258
6145,2048,solve,13883.392578
6145,2048,solve,13735.936523
6145,2048,solve,13769.727539
6145,2048,solve,14090.239258
6145,2048,solve,13638.655273
6145,2048,solve,14104.672852
6145,2048,solve,13635.583984
6145,2048,solve,14306.303711
6145,2048,solve,16543.742188
6145,2048,solve,13756.416016
6145,2048,solve,13742.112305
6145,2048,solve,13714.431641
6145,2048,solve,13664.255859
6145,2048,solve,14167.040039
6145,2048,solve,13550.559570
6145,2048,solve,13939.711914
6145,2048,solve,13656.064453
6145,2048,solve,13960.160156
6145,2048,solve,13936.639648
6145,2048,solve,13983.744141
6145,2048,solve,6985.728027
6145,2048,solve,17932.287109
6145,2048,solve,14554.112305
6145,2048,solve,14222.335938
6145,2048,solve,14528.479492
6145,2048,solve,14373.887695
6145,2048,solve,14053.375977
6145,2048,solve,14317.567383
6145,2048,solve,14382.080078
6145,2048,solve,6841.343750
6145,2048,solve,15534.079102
6145,2048,solve,6771.679688
6145,2048,solve,13651.967773
6145,2048,solve,13402.079102
6145,2048,solve,6732.799805
6145,2048,solve,15679.488281
6145,2048,solve,13768.704102
6145,2048,solve,14000.127930
6145,2048,solve,14488.576172
6145,2048,solve,6824.960449
6145,2048,solve,14279.680664
6145,2048,solve,14167.040039
6145,2048,solve,14184.479492
6145,2048,solve,13887.328125
6145,2048,solve,6317.056152
6145,2048,solve,13677.568359
6145,2048,solve,13652.928711
6145,2048,solve,13725.695312
6145,2048,solve,13668.352539
6145,2048,solve,13619.200195
6145,2048,solve,14001.152344
6145,2048,solve,13941.759766
6145,2048,solve,13947.903320
6145,2048,solve,13847.519531
6145,2048,solve,14120.927734
6145,2048,solve,13850.624023
6145,2048,solve,13900.799805
6145,2048,solve,14040.063477
6145,2048,solve,13931.520508
6145,2048,solve,14034.943359
6145,2048,solve,14524.416016
6145,2048,solve,16261.120117
6145,2048,solve,7265.375977
6145,2048,solve,14749.695312
6145,2048,solve,14518.272461
6145,2048,solve,14476.416016
6145,2048,solve,7139.328125
6145,2048,solve,6984.576172
6145,2048,solve,14367.744141
6145,2048,solve,14086.144531
6145,2048,solve,13661.184570
6145,2048,solve,13676.543945
6145,2048,solve,6724.607910
6145,2048,solve,15731.583984
6145,2048,solve,13975.487305
6145,2048,solve,6590.464355
6145,2048,solve,13595.647461
6145,2048,solve,6336.607910
6145,2048,solve,6333.439941
6145,2048,solve,16172.031250
6145,2048,solve,14140.416016
6145,2048,solve,14576.639648
6145,2048,solve,14096.383789
6145,2048,solve,14135.295898
6145,2048,solve,14576.639648
6145,2048,solve,14188.543945
6145,2048,solve,14289.919922
6145,2048,solve,14086.144531
6145,2048,solve,13782.015625
6145,2048,solve,13632.448242
6145,2048,solve,14021.631836
6145,2048,solve,14010.368164
6145,2048,solve,13978.624023
6145,2048,solve,13616.127930
6145,2048,solve,13961.215820
6145,2048,solve,14011.391602
6145,2048,solve,14220.288086
6145,2048,solve,13996.032227
6145,2048,solve,6284.288086
6145,2048,solve,13541.375977
6145,2048,solve,14009.343750
6145,2048,solve,13639.679688
6145,2048,solve,14005.248047
6145,2048,solve,6648.832031
6145,2048,solve,14431.295898
6145,2048,solve,14475.263672
6145,2048,solve,13917.183594
6145,2048,solve,6713.344238
6145,2048,solve,16578.560547
6145,2048,solve,14265.343750
6145,2048,solve,14030.847656
6145,2048,solve,14300.160156
6145,2048,solve,14149.599609
6145,2048,solve,13901.824219
6145,2048,solve,13906.944336
6145,2048,solve,13841.535156
6145,2048,solve,14340.096680
6145,2048,solve,13574.144531
6145,2048,solve,14042.112305
6145,2048,solve,13716.416016
6145,2048,solve,6632.543945
6145,2048,solve,16012.351562
6145,2048,solve,13877.248047
6145,2048,solve,6671.359863
6145,2048,solve,13838.335938
6145,2048,solve,13629.311523
6145,2048,solve,13598.719727
6145,2048,solve,13702.143555
6145,2048,solve,6667.328125
6145,2048,solve,8985.503906
6145,2048,solve,8201.215820
6145,2048,solve,14215.167969
6145,2048,solve,6642.687988
6145,2048,solve,13976.576172
6145,2048,solve,6486.015625
6145,2048,solve,13862.912109
6145,2048,solve,14313.471680
6145,2048,solve,16390.144531
6145,2048,solve,14182.399414
6145,2048,solve,13915.136719
6145,2048,solve,13903.871094
6145,2048,solve,14326.784180
6145,2048,solve,14205.952148
6145,2048,solve,13484.031250
6145,2048,solve,13465.599609
6145,2048,solve,6204.416016
6145,2048,solve,13452.288086
6145,2048,solve,6318.976074
6145,2048,solve,13640.704102
6145,2048,solve,13996.032227
6145,2048,solve,6437.888184
6145,2048,solve,14008.320312
6145,2048,solve,14020.608398
6145,2048,solve,7128.255859
6145,2048,solve,16463.873047
6145,2048,solve,14745.599609
6145,2048,solve,14603.263672
6145,2048,solve,14259.200195
6145,2048,solve,6679.552246
6145,2048,solve,8952.736328
6145,2048,solve,14888.959961
6145,2048,solve,6803.423828
6145,2048,solve,14412.799805
6145,2048,solve,6504.447754
6145,2048,solve,6487.104004
6145,2048,solve,6723.583984
6145,2048,solve,13900.799805
6145,2048,solve,6475.776367
6145,2048,solve,6492.159668
6145,2048,solve,14356.511719
6145,2048,solve,6822.912109
6145,2048,solve,16955.392578
6145,2048,solve,14565.375977
6145,2048,solve,6660.096191
6145,2048,solve,14486.528320
6145,2048,solve,6463.488281
6145,2048,solve,14385.152344
6145,2048,solve,6526.879883
6145,2048,solve,6623.231934
6145,2048,solve,6491.136230
6145,2048,solve,13960.191406
6145,2048,solve,6571.008301
6145,2048,solve,14031.872070
6145,2048,solve,6920.191895
6145,2048,solve,8816.671875
6145,2048,solve,14542.847656
6145,2048,solve,6895.616211
6145,2048,solve,14276.608398
6145,2048,solve,6496.255859
6145,2048,solve,14220.288086
6145,2048,solve,6540.288086
6145,2048,solve,13899.776367
6145,2048,solve,14372.863281
6145,2048,solve,14210.047852
6145,2048,solve,14116.800781
6145,2048,solve,6579.199707
6145,2048,solve,13657.120117
6145,2048,solve,6306.815918
6145,2048,solve,14175.232422
6145,2048,solve,6350.848145
6145,2048,solve,14426.112305
6145,2048,solve,10112.992188
6145,2048,solve,7134.208008
6145,2048,solve,14829.695312
6145,2048,solve,6373.375977
6145,2048,solve,14072.832031
6145,2048,solve,14456.735352
6145,2048,solve,6860.799805
6145,2048,solve,6705.151855
6145,2048,solve,14395.456055
6145,2048,solve,14687.232422
6145,2048,solve,6802.432129
6145,2048,solve,14686.240234
6145,2048,solve,14119.935547
6145,2048,solve,14362.751953
6145,2048,solve,14445.568359
6145,2048,solve,14652.320312
6145,2048,solve,14029.824219
6145,2048,solve,6584.320312
6145,2048,solve,13912.063477
6145,2048,solve,6497.280273
6145,2048,solve,14204.959961
6145,2048,solve,6330.368164
6145,2048,solve,14128.160156
6145,2048,solve,14170.111328
6145,2048,solve,6732.863770
6145,2048,solve,16548.865234
6145,2048,solve,6994.944336
6145,2048,solve,14275.679688
6145,2048,solve,6605.760254
6145,2048,solve,14392.319336
6145,2048,solve,6810.624023
6145,2048,solve,16159.872070
6145,2048,solve,14620.671875
6145,2048,solve,6657.055664
6145,2048,solve,6448.128418
6145,2048,solve,13772.800781
6145,2048,solve,7419.904297
6145,2048,solve,10318.719727
6145,2048,solve,7638.016113
6145,2048,solve,15049.728516
6145,2048,solve,7211.008301
6145,2048,solve,7393.280273
6145,2048,solve,7389.248047
6145,2048,solve,14644.224609
6145,2048,solve,14679.040039
6145,2048,solve,14923.775391
6145,2048,solve,14263.423828
6145,2048,solve,6392.832031
6145,2048,solve,13460.511719
6145,2048,solve,13911.040039
6145,2048,solve,13838.208008
6145,2048,solve,6843.392090
6145,2048,solve,16870.400391
6145,2048,solve,14303.232422
6145,2048,solve,14104.607422
6145,2048,solve,6813.759766
6145,2048,solve,14145.536133
6145,2048,solve,14541.983398
6145,2048,solve,14258.047852
6145,2048,solve,6911.071777
6145,2048,solve,6988.799805
6145,2048,solve,7086.080078
6145,2048,solve,14264.320312
6145,2048,solve,6787.072266
6145,2048,solve,6815.744141
6145,2048,solve,13858.816406
6145,2048,solve,14304.256836
6145,2048,solve,6716.543945
6145,2048,solve,14475.295898
6145,2048,solve,7034.880371
6145,2048,solve,6572.031738
6145,2048,solve,14361.599609
6145,2048,solve,6508.543945
6145,2048,solve,14264.320312
6145,2048,solve,6536.191895
6145,2048,solve,6717.439941
6145,2048,solve,14456.832031
6145,2048,solve,7104.512207
6145,2048,solve,9168.895508
6145,2048,solve,14855.167969
6145,2048,solve,6758.399902
6145,2048,solve,14130.175781
6145,2048,solve,6751.264160
6145,2048,solve,6720.511719
6145,2048,solve,6512.543945
6145,2048,solve,14096.383789
6145,2048,solve,14080.000000
6145,2048,solve,6920.191895
6145,2048,solve,16642.015625
6145,2048,solve,14316.543945
6145,2048,solve,6551.551758
6145,2048,solve,14026.752930
6145,2048,solve,6548.479980
6145,2048,solve,13957.120117
6145,2048,solve,6738.943848
6145,2048,solve,16157.695312
6145,2048,solve,14427.136719
6145,2048,solve,6507.520020
6145,2048,solve,13811.711914
6145,2048,solve,6285.312012
6145,2048,solve,13861.791992
6145,2048,solve,6409.215820
6145,2048,solve,13800.448242
6145,2048,solve,14069.760742
6145,2048,solve,6441.984375
6145,2048,solve,6806.528320
6145,2048,solve,8983.551758
6145,2048,solve,15011.839844
6145,2048,solve,14737.407227
6145,2048,solve,7057.407715
6145,2048,solve,14776.320312
6145,2048,solve,14680.064453
6145,2048,solve,7219.200195
6145,2048,solve,7264.255859
6145,2048,solve,15179.776367
6145,2048,solve,7283.711914
6145,2048,solve,14733.248047
6145,2048,solve,14575.616211
6145,2048,solve,7138.304199
6145,2048,solve,14570.496094
6145,2048,solve,14609.408203
6145,2048,solve,6922.239746
6145,2048,solve,14326.784180
6145,2048,solve,6792.160156
6145,2048,solve,13871.135742
6145,2048,solve,6393.855957
6145,2048,solve,6431.744141
6145,2048,solve,6685.696289
6145,2048,solve,9063.391602
6145,2048,solve,14357.503906
6145,2048,solve,14362.624023
6145,2048,solve,14365.696289
6145,2048,solve,14356.479492
6145,2048,solve,14520.320312
6145,2048,solve,14809.087891
6145,2048,solve,6871.040039
6145,2048,solve,14285.759766
6145,2048,solve,6943.744141
6145,2048,solve,13905.919922
6145,2048,solve,13868.032227
6145,2048,solve,6622.208008
6145,2048,solve,6784.000000
6145,2048,solve,13812.735352
6145,2048,solve,6790.144043
6145,2048,solve,6642.687988
6145,2048,solve,13978.624023
6145,2048,solve,6495.231934
6145,2048,solve,6758.399902
6145,2048,solve,16257.024414
6145,2048,solve,6983.679688
6145,2048,solve,14403.488281
6145,2048,solve,14150.688477
6145,2048,solve,6518.784180
6145,2048,solve,13920.255859
6145,2048,solve,14054.400391
6145,2048,solve,14261.408203
6145,2048,solve,6637.567871
6145,2048,solve,13978.624023
6145,2048,solve,6692.863770
6145,2048,solve,14125.056641
6145,2048,solve,14221.311523
6145,2048,solve,6902.847656
6145,2048,solve,6792.031738
6145,2048,solve,14062.591797
6145,2048,solve,6758.399902
6145,2048,solve,6976.511719
6145,2048,solve,15970.208008
6145,2048,solve,7019.520020
6145,2048,solve,14245.887695
6145,2048,solve,6812.672363
6145,2048,solve,14030.847656
6145,2048,solve,7018.496094
6145,2048,solve,14120.959961
6145,2048,solve,14156.799805
6145,2048,solve,14126.047852
6145,2048,solve,14091.200195
6145,2048,solve,14270.463867
6145,2048,solve,13900.799805
6145,2048,solve,6316.031738
6145,2048,solve,6756.352051
6145,2048,solve,9915.391602
6145,2048,solve,7611.392090
6145,2048,solve,7606.272461
6145,2048,solve,7744.512207
6145,2048,solve,15089.664062
6145,2048,solve,14553.183594
6145,2048,solve,14135.295898
6145,2048,solve,6883.328125
6145,2048,solve,14261.248047
6145,2048,solve,7087.104004
6145,2048,solve,14398.463867
6145,2048,solve,6917.120117
6145,2048,solve,14013.440430
6145,2048,solve,6427.647949
6145,2048,solve,13649.920898
6145,2048,solve,13604.864258
6145,2048,solve,13640.704102
6145,2048,solve,14078.975586
6145,2048,solve,13890.560547
6145,2048,solve,6481.855957
6145,2048,solve,14628.864258
6145,2048,solve,6798.335938
6145,2048,solve,6933.503906
6145,2048,solve,14710.784180
6145,2048,solve,7457.791992
6145,2048,solve,15463.423828
6145,2048,solve,7482.368164
6145,2048,solve,7275.520020
6145,2048,solve,7410.687988
6145,2048,solve,14599.167969
6145,2048,solve,7195.648438
6145,2048,solve,7294.815918
6145,2048,solve,14773.248047
6145,2048,solve,14517.248047
6145,2048,solve,6898.687988
6145,2048,solve,14045.311523
6145,2048,solve,14099.456055
6145,2048,solve,14055.423828
6145,2048,solve,13952.063477
6145,2048,solve,6760.447754
6145,2048,solve,13902.848633
6145,2048,solve,6576.127930
6145,2048,solve,13642.815430
6145,2048,solve,13647.839844
6145,2048,solve,13827.072266
6145,2048,solve,7263.232422
6145,2048,solve,9307.135742
6145,2048,solve,15860.736328
6145,2048,solve,7400.447754
6145,2048,solve,7417.856445
6145,2048,solve,7639.040039
6145,2048,solve,15447.040039
6145,2048,solve,15098.879883
6145,2048,solve,7515.135742
6145,2048,solve,14992.320312
6145,2048,solve,14873.599609
6145,2048,solve,14700.543945
6145,2048,solve,15761.311523
6145,2048,solve,18725.886719
6145,2048,solve,6998.016113
6145,2048,solve,35752.960938
6145,2048,solve,14579.520508
6145,2048,solve,13406.208008
6145,2048,solve,13557.759766
6145,2048,solve,6552.576172
6145,2048,solve,15823.904297
6145,2048,solve,13640.704102
6145,2048,solve,6829.055664
6145,2048,solve,13711.360352
6145,2048,solve,13517.824219
6145,2048,solve,6434.815918
6145,2048,solve,13369.471680
6145,2048,solve,13266.944336
6145,2048,solve,14006.335938
6145,2048,solve,16011.264648
6145,2048,solve,13899.776367
6145,2048,solve,13853.791992
6145,2048,solve,6225.920410
6145,2048,solve,13596.799805
6145,2048,solve,6276.159668
6145,2048,solve,13699.072266
6145,2048,solve,13884.416016
6145,2048,solve,14542.847656
6145,2048,solve,6937.695801
6145,2048,solve,7216.127930
6145,2048,solve,14416.895508
6145,2048,solve,6901.760254
6145,2048,solve,14435.327148
6145,2048,solve,14683.135742
6145,2048,solve,6920.191895
6145,2048,solve,6928.383789
6145,2048,solve,14381.055664
6145,2048,solve,7050.240234
6145,2048,solve,14405.631836
6145,2048,solve,14867.456055
6145,2048,solve,7571.456055
6145,2048,solve,6740.992188
6145,2048,solve,14613.504883
6145,2048,solve,7099.392090
6145,2048,solve,14583.872070
6145,2048,solve,7072.768066
6145,2048,solve,6791.167969
6145,2048,solve,14416.895508
6145,2048,solve,6845.439941
6145,2048,solve,6723.583984
6145,2048,solve,6561.791992
6145,2048,solve,13733.824219
6145,2048,solve,6834.176270
6145,2048,solve,15907.839844
6145,2048,solve,6590.464355
6145,2048,solve,13923.328125
6145,2048,solve,6839.295898
6145,2048,solve,9149.439453
6145,2048,solve,15442.079102
6145,2048,solve,6486.015625
6145,2048,solve,13788.160156
6145,2048,solve,46162.945312
6145,2048,solve,8051.808594
6145,2048,solve,9347.167969
6145,2048,solve,14699.616211
6145,2048,solve,6943.744141
6145,2048,solve,7371.936035
6145,2048,solve,17576.958984
6145,2048,solve,6665.215820
6145,2048,solve,6579.199707
6145,2048,solve,13723.648438
6145,2048,solve,6881.279785
6145,2048,solve,14014.464844
6145,2048,solve,6916.096191
6145,2048,solve,13920.255859
6145,2048,solve,14007.295898
6145,2048,solve,6281.216309
6145,2048,solve,6461.375977
6145,2048,solve,13801.471680
6145,2048,solve,14390.239258
6145,2048,solve,14381.055664
6145,2048,solve,14593.024414
6145,2048,solve,6996.992188
6145,2048,solve,16471.041016
6145,2048,solve,7002.111816
6145,2048,solve,14269.599609
6145,2048,solve,6503.456055
6145,2048,solve,14014.464844
6145,2048,solve,14123.007812
6145,2048,solve,14071.807617
6145,2048,solve,6441.984375
6145,2048,solve,13832.351562
6145,2048,solve,6775.807617
6145,2048,solve,14144.511719
6145,2048,solve,14240.768555
6145,2048,solve,14213.120117
6145,2048,solve,6875.135742
6145,2048,solve,13992.927734
6145,2048,solve,6856.576172
6145,2048,solve,14206.975586
6145,2048,solve,14280.703125
6145,2048,solve,6644.735840
6145,2048,solve,6699.007812
6145,2048,solve,6413.312012
6145,2048,solve,13951.040039
6145,2048,solve,6569.983887
6145,2048,solve,14435.392578
6145,2048,solve,14694.399414
6145,2048,solve,14589.952148
6145,2048,solve,14525.440430
6145,2048,solve,14245.887695
6145,2048,solve,6700.032227
6145,2048,solve,6876.160156
6145,2048,solve,7097.343750
6145,2048,solve,16120.832031
6145,2048,solve,6899.711914
6145,2048,solve,14424.063477
6145,2048,solve,6785.023926
6145,2048,solve,34683.871094
6145,2048,solve,14345.215820
6145,2048,solve,18827.265625
6145,2048,solve,14764.127930
6145,2048,solve,7235.456055
6145,2048,solve,6285.151855
6145,2048,solve,14038.016602
6145,2048,solve,6587.392090
6145,2048,solve,6595.583984
6145,2048,solve,14453.759766
6145,2048,solve,6776.832031
6145,2048,solve,14116.864258
6145,2048,solve,14106.559570
6145,2048,solve,6738.943848
6145,2048,solve,14309.375977
6145,2048,solve,14024.704102
6145,2048,solve,14176.255859
6145,2048,solve,6748.159668
6145,2048,solve,14222.304688
6145,2048,solve,6809.600098
6145,2048,solve,16132.095703
6145,2048,solve,7086.080078
6145,2048,solve,6848.607910
6145,2048,solve,6800.384277
6145,2048,solve,14169.087891
6145,2048,solve,6707.264160
6145,2048,solve,14200.864258
6145,2048,solve,6759.424316
6145,2048,solve,7212.031738
6145,2048,solve,8382.464844
6145,2048,solve,14508.159180
6145,2048,solve,6816.895996
6145,2048,solve,14286.847656
6145,2048,solve,6678.527832
6145,2048,solve,6699.007812
6145,2048,solve,7092.224121
6145,2048,solve,16026.625000
6145,2048,solve,7170.048340
6145,2048,solve,6923.391602
6145,2048,solve,14146.559570
6145,2048,solve,6716.416016
6145,2048,solve,14277.631836
6145,2048,solve,6857.728027
6145,2048,solve,14176.255859
6145,2048,solve,6793.216309
6145,2048,solve,6745.056152
6145,2048,solve,13935.615234
6145,2048,solve,6816.768066
6145,2048,solve,14166.112305
6145,2048,solve,6822.912109
6145,2048,solve,7020.543945
6145,2048,solve,8873.984375
6145,2048,solve,14497.791992
6145,2048,solve,14323.711914
6145,2048,solve,14214.015625
6145,2048,solve,6859.775879
6145,2048,solve,14292.991211
6145,2048,solve,6966.335938
6145,2048,solve,16160.768555
6145,2048,solve,6910.976074
6145,2048,solve,14235.648438
6145,2048,solve,6887.423828
6145,2048,solve,14334.080078
6145,2048,solve,6856.704102
6145,2048,solve,8889.343750
6145,2048,solve,14894.080078
6145,2048,solve,6725.632324
6145,2048,solve,14006.272461
6145,2048,solve,14070.783203
6145,2048,solve,6897.664062
6145,2048,solve,15763.456055
6145,2048,solve,14102.399414
6145,2048,solve,13933.600586
6145,2048,solve,13919.232422
6145,2048,solve,13938.688477
6145,2048,solve,6714.431641
6145,2048,solve,14342.143555
6145,2048,solve,13609.952148
6145,2048,solve,13804.544922
6145,2048,solve,14413.887695
6145,2048,solve,16187.391602
6145,2048,solve,6695.968262
6145,2048,solve,6752.255859
6145,2048,solve,14388.160156
6145,2048,solve,14082.048828
6145,2048,solve,6900.735840
6145,2048,solve,8683.520508
6145,2048,solve,14655.488281
6145,2048,solve,6636.544434
6145,2048,solve,14051.328125
6145,2048,solve,13991.935547
6145,2048,solve,6810.656250
6145,2048,solve,15511.551758
6145,2048,solve,6929.279785
6145,2048,solve,6786.047852
6145,2048,solve,14136.320312
6145,2048,solve,6189.151855
6145,2048,solve,6203.392090
6145,2048,solve,13925.375977
6145,2048,solve,6735.871582
6145,2048,solve,6882.304199
6145,2048,solve,14390.272461
6145,2048,solve,6904.832031
6145,2048,solve,6920.191895
6145,2048,solve,7228.416016
6145,2048,solve,7099.456055
6145,2048,solve,7085.055664
6145,2048,solve,14766.080078
6145,2048,solve,6890.495605
6145,2048,solve,15111.167969
6145,2048,solve,7045.119629
6145,2048,solve,7023.615723
6145,2048,solve,15418.368164
6145,2048,solve,7324.672363
6145,2048,solve,7142.399902
6145,2048,solve,15196.160156
6145,2048,solve,7170.112305
6145,2048,solve,7079.936035
6145,2048,solve,15105.024414
6145,2048,solve,14878.720703
6145,2048,solve,14433.280273
6145,2048,solve,14820.351562
6145,2048,solve,14371.839844
6145,2048,solve,6648.832031
6145,2048,solve,14814.208008
6145,2048,solve,7872.511719
6145,2048,solve,6892.543945
6145,2048,solve,6836.224121
6145,2048,solve,6522.879883
6145,2048,solve,14472.191406
6145,2048,solve,9375.744141
6145,2048,solve,6999.040039
6145,2048,solve,7070.848145
6145,2048,solve,14575.616211
6145,2048,solve,7344.127930
6145,2048,solve,14996.480469
6145,2048,solve,15049.728516
6145,2048,solve,15045.632812
6145,2048,solve,7074.816406
6145,2048,solve,14393.343750
6145,2048,solve,13711.360352
6145,2048,solve,6614.976074
6145,2048,solve,14595.072266
6145,2048,solve,9420.799805
6145,2048,solve,14456.735352
6145,2048,solve,6660.096191
6145,2048,solve,6433.791992
6145,2048,solve,6450.175781
6145,2048,solve,6311.936035
6145,2048,solve,6368.288086
6145,2048,solve,6867.968262
6145,2048,solve,8945.664062
6145,2048,solve,6960.127930
6145,2048,solve,7131.135742
6145,2048,solve,6999.040039
6145,2048,solve,14596.255859
6145,2048,solve,7095.295898
6145,2048,solve,6948.736328
6145,2048,solve,7262.208008
6145,2048,solve,15015.935547
6145,2048,solve,7258.111816
6145,2048,solve,7199.744141
6145,2048,solve,6895.616211
6145,2048,solve,6739.967773
6145,2048,solve,13937.696289
6145,2048,solve,6899.711914
6145,2048,solve,9288.832031
6145,2048,solve,7522.431641
6145,2048,solve,6837.248047
6145,2048,solve,6656.000000
6145,2048,solve,6729.728027
6145,2048,solve,6536.063965
6145,2048,solve,6755.328125
6145,2048,solve,8767.487305
6145,2048,solve,7130.112305
6145,2048,solve,6747.136230
6145,2048,solve,14190.591797
6145,2048,solve,6481.919922
6145,2048,solve,13818.847656
6145,2048,solve,6791.264160
6145,2048,solve,16333.824219
6145,2048,solve,6770.783691
6145,2048,solve,14519.295898
6145,2048,solve,14633.983398
6145,2048,solve,6438.912109
6145,2048,solve,7225.344238
6145,2048,solve,16350.208008
6145,2048,solve,7080.959961
6145,2048,solve,6968.319824
6145,2048,solve,14826.496094
6145,2048,solve,6940.671875
6145,2048,solve,7121.919922
6145,2048,solve,6910.976074
6145,2048,solve,7009.280273
6145,2048,solve,7393.280273
6145,2048,solve,14673.919922
6145,2048,solve,7283.711914
6145,2048,solve,14346.240234
6145,2048,solve,7088.127930
6145,2048,solve,14625.791992
6145,2048,solve,14282.751953
6145,2048,solve,6943.744141
6145,2048,solve,14504.959961
6145,2048,solve,6984.704102
6145,2048,solve,7011.423828
6145,2048,solve,14224.384766
6145,2048,solve,6795.263672
6145,2048,solve,6663.231934
6145,2048,solve,6530.047852
6145,2048,solve,13723.520508
6145,2048,solve,6241.280273
6145,2048,solve,6787.072266
6145,2048,solve,6792.191895
6145,2048,solve,7037.919922
6145,2048,solve,14544.896484
6145,2048,solve,7106.496094
6145,2048,solve,7246.848145
6145,2048,solve,14605.312500
6145,2048,solve,7238.719727
6145,2048,solve,6702.079590
6145,2048,solve,6855.680176
6145,2048,solve,14307.392578
6145,2048,solve,6868.991699
6145,2048,solve,14520.320312
6145,2048,solve,6980.607910
6145,2048,solve,6971.520020
6145,2048,solve,6663.167969
6145,2048,solve,6594.560059
6145,2048,solve,6454.271973
6145,2048,solve,14061.568359
6145,2048,solve,6751.231934
6145,2048,solve,6390.783691
6145,2048,solve,6543.360352
6145,2048,solve,14458.880859
6145,2048,solve,6583.231934
6145,2048,solve,6711.295898
6145,2048,solve,16347.135742
6145,2048,solve,7303.167969
6145,2048,solve,14845.952148
6145,2048,solve,6579.232422
6145,2048,solve,14171.135742
6145,2048,solve,6837.248047
6145,2048,solve,9151.488281
6145,2048,solve,7565.312012
6145,2048,solve,6927.296387
6145,2048,solve,6917.120117
6145,2048,solve,14279.680664
6145,2048,solve,7129.087891
6145,2048,solve,16494.560547
6145,2048,solve,14165.023438
6145,2048,solve,6580.224121
6145,2048,solve,6466.560059
6145,2048,solve,6663.167969
6145,2048,solve,6572.031738
6145,2048,solve,6441.984375
6145,2048,solve,6444.959961
6145,2048,solve,6380.543945
6145,2048,solve,7247.872070
6145,2048,solve,6402.080078
6145,2048,solve,13977.599609
6145,2048,solve,6841.343750
6145,2048,solve,16919.457031
6145,2048,solve,14950.400391
6145,2048,solve,6980.607910
6145,2048,solve,14402.688477
6145,2048,solve,6790.144043
6145,2048,solve,6916.096191
6145,2048,solve,16471.041016
6145,2048,solve,6962.175781
6145,2048,solve,6771.872070
6145,2048,solve,6792.191895
6145,2048,solve,6855.680176
6145,2048,solve,14440.448242
6145,2048,solve,7221.151855
6145,2048,solve,14583.807617
6145,2048,solve,7083.007812
6145,2048,solve,6876.160156
6145,2048,solve,14508.959961
6145,2048,solve,7029.759766
6145,2048,solve,6965.248047
6145,2048,solve,14467.007812
6145,2048,solve,6728.704102
6145,2048,solve,6656.000000
6145,2048,solve,6778.912109
6145,2048,solve,6735.871582
6145,2048,solve,8901.631836
6145,2048,solve,15154.175781
6145,2048,solve,6762.496094
6145,2048,solve,14261.248047
6145,2048,solve,14056.448242
6145,2048,solve,6771.711914
6145,2048,solve,6959.104004
6145,2048,solve,14554.112305
6145,2048,solve,7035.776367
6145,2048,solve,6900.735840
6145,2048,solve,7045.119629
6145,2048,solve,6938.624023
6145,2048,solve,6989.823730
6145,2048,solve,7088.127930
6145,2048,solve,6931.456055
6145,2048,solve,6873.216309
6145,2048,solve,6788.096191
6145,2048,solve,14171.135742
6145,2048,solve,6786.047852
6145,2048,solve,14291.968750
6145,2048,solve,6832.127930
6145,2048,solve,6730.751953
6145,2048,solve,6727.680176
6145,2048,solve,14221.311523
6145,2048,solve,7531.520020
6145,2048,solve,14184.448242
6145,2048,solve,7125.984375
6145,2048,solve,16004.094727
6145,2048,solve,6914.048340
6145,2048,solve,6909.952148
6145,2048,solve,6795.263672
6145,2048,solve,6612.895996
6145,2048,solve,14015.487305
6145,2048,solve,7043.072266
6145,2048,solve,8834.976562
6145,2048,solve,7048.191895
6145,2048,solve,6947.840332
6145,2048,solve,14284.799805
6145,2048,solve,7091.296387
6145,2048,solve,8770.560547
6145,2048,solve,8638.463867
6145,2048,solve,14103.551758
6145,2048,solve,14104.576172
6145,2048,solve,6927.328125
6145,2048,solve,8656.895508
6145,2048,solve,15110.143555
6145,2048,solve,6949.888184
6145,2048,solve,6921.215820
6145,2048,solve,6823.936035
6145,2048,solve,6948.863770
6145,2048,solve,6888.576172
6145,2048,solve,6822.751953
6145,2048,solve,6891.520020
6145,2048,solve,6699.104004
6145,2048,solve,6742.015625
6145,2048,solve,6756.352051
6145,2048,solve,14097.503906
6145,2048,solve,6870.016113
6145,2048,solve,7044.096191
6145,2048,solve,14433.280273
6145,2048,solve,7153.664062
6145,2048,solve,7115.775879
6145,2048,solve,6990.848145
6145,2048,solve,14559.231445
6145,2048,solve,7187.456055
6145,2048,solve,7044.127930
6145,2048,solve,6910.912109
6145,2048,solve,6759.424316
6145,2048,solve,6744.095703
6145,2048,solve,6503.424316
6145,2048,solve,6418.367676
6145,2048,solve,6427.647949
6145,2048,solve,14064.607422
6145,2048,solve,6586.368164
6145,2048,solve,14002.176758
6145,2048,solve,6709.248047
6145,2048,solve,6518.720215
6145,2048,solve,6797.312012
6145,2048,solve,9000.032227
6145,2048,solve,7317.503906
6145,2048,solve,7130.112305
6145,2048,solve,6925.312012
6145,2048,solve,14134.271484
6145,2048,solve,6559.743652
6145,2048,solve,14053.375977
6145,2048,solve,6481.919922
6145,2048,solve,7061.503906
6145,2048,solve,16643.039062
6145,2048,solve,7121.919922
6145,2048,solve,14456.832031
6145,2048,solve,6465.472168
6145,2048,solve,6899.711914
6145,2048,solve,8853.503906
6145,2048,solve,14990.335938
6145,2048,solve,6658.048340
6145,2048,solve,6546.432129
6145,2048,solve,14285.824219
6145,2048,solve,6397.952148
6145,2048,solve,6690.879883
6145,2048,solve,9141.248047
6145,2048,solve,14368.767578
6145,2048,solve,6715.392090
6145,2048,solve,6558.687988
6145,2048,solve,6380.543945
6145,2048,solve,7022.592285
6145,2048,solve,8986.719727
6145,2048,solve,7097.216309
6145,2048,solve,14782.463867
6145,2048,solve,7046.271973
6145,2048,solve,6813.695801
6145,2048,solve,6903.808105
6145,2048,solve,6967.295898
6145,2048,solve,6998.016113
6145,2048,solve,14376.064453
6145,2048,solve,7012.319824
6145,2048,solve,6992.895996
6145,2048,solve,6771.711914
6145,2048,solve,14730.240234
6145,2048,solve,6765.567871
6145,2048,solve,7057.407715
6145,2048,solve,9022.463867
6145,2048,solve,15856.639648
6145,2048,solve,6816.576172
6145,2048,solve,6737.919922
6145,2048,solve,7066.624023
6145,2048,solve,8934.399414
6145,2048,solve,14935.040039
6145,2048,solve,6736.000000
6145,2048,solve,6981.632324
6145,2048,solve,8732.671875
6145,2048,solve,6865.919922
6145,2048,solve,6842.368164
6145,2048,solve,13999.103516
6145,2048,solve,6553.696289
6145,2048,solve,6882.304199
6145,2048,solve,8435.839844
6145,2048,solve,6807.551758
6145,2048,solve,6695.936035
6145,2048,solve,7067.647949
6145,2048,solve,8695.808594
6145,2048,solve,7912.447754
6145,2048,solve,14106.591797
6145,2048,solve,6556.608398
6145,2048,solve,6418.432129
6145,2048,solve,6902.783691
6145,2048,solve,8541.312500
6145,2048,solve,7187.456055
6145,2048,solve,13766.528320
6145,2048,solve,6597.631836
6145,2048,solve,6358.016113
6145,2048,solve,6649.824219
6145,2048,solve,8641.536133
6145,2048,solve,7094.271973
6145,2048,solve,14504.927734
6145,2048,solve,6600.704102
6145,2048,solve,6605.728027
6145,2048,solve,6702.079590
6145,2048,solve,6676.479980
6145,2048,solve,6854.496094
6145,2048,solve,8793.087891
6145,2048,solve,7724.063965
6145,2048,solve,7023.615723
6145,2048,solve,14711.808594
6145,2048,solve,6820.864258
6145,2048,solve,7058.432129
6145,2048,solve,16529.408203
6145,2048,solve,7311.359863
6145,2048,solve,7148.543945
6145,2048,solve,7158.783691
6145,2048,solve,7235.520020
6145,2048,solve,14694.399414
6145,2048,solve,7124.991699
6145,2048,solve,14906.368164
6145,2048,solve,7155.583984
6145,2048,solve,7087.104004
6145,2048,solve,14302.208008
6145,2048,solve,6583.392090
6145,2048,solve,6465.664062
6145,2048,solve,6486.015625
6145,2048,solve,6505.600098
6145,2048,solve,6689.791992
6145,2048,solve,16736.255859
6145,2048,solve,6706.175781
6145,2048,solve,6583.295898
6145,2048,solve,6616.063965
6145,2048,solve,6517.759766
6145,2048,solve,6714.367676
6145,2048,solve,16293.887695
6145,2048,solve,7136.256348
6145,2048,solve,6786.047852
6145,2048,solve,6565.887695
6145,2048,solve,6860.799805
6145,2048,solve,6691.743652
6145,2048,solve,6467.583984
6145,2048,solve,6958.079590
6145,2048,solve,8993.791992
6145,2048,solve,16820.224609
6145,2048,solve,6737.919922
6145,2048,solve,6536.191895
6145,2048,solve,6572.031738
6145,2048,solve,6774.720215
6145,2048,solve,16852.990234
6145,2048,solve,6970.367676
6145,2048,solve,14374.912109
6145,2048,solve,6654.976074
6145,2048,solve,6630.400391
6145,2048,solve,6797.375977
6145,2048,solve,6742.015625
6145,2048,solve,6691.840332
6145,2048,solve,6680.575684
6145,2048,solve,6752.255859
6145,2048,solve,14472.191406
6145,2048,solve,6782.976074
6145,2048,solve,6873.087891
6145,2048,solve,6894.560059
6145,2048,solve,6817.791992
6145,2048,solve,6793.151855
6145,2048,solve,6875.135742
6145,2048,solve,6827.007812
6145,2048,solve,6920.191895
6145,2048,solve,7163.904297
6145,2048,solve,8942.720703
6145,2048,solve,7273.536133
6145,2048,solve,7133.184082
6145,2048,solve,14754.816406
6145,2048,solve,6732.799805
6145,2048,solve,7154.687988
6145,2048,solve,8841.215820
6145,2048,solve,15121.536133
6145,2048,solve,6987.775879
6145,2048,solve,6942.719727
6145,2048,solve,6723.583984
6145,2048,solve,6901.791992
6145,2048,solve,14811.136719
6145,2048,solve,6749.184082
6145,2048,solve,6907.904297
6145,2048,solve,16178.176758
6145,2048,solve,6908.000000
6145,2048,solve,14715.904297
6145,2048,solve,6766.591797
6145,2048,solve,6799.264160
6145,2048,solve,6856.704102
6145,2048,solve,7118.847656
6145,2048,solve,16456.703125
6145,2048,solve,7146.495605
6145,2048,solve,6895.616211
6145,2048,solve,6806.528320
6145,2048,solve,6779.007812
6145,2048,solve,7071.744141
6145,2048,solve,16345.086914
6145,2048,solve,6796.288086
6145,2048,solve,6713.344238
6145,2048,solve,6603.775879
6145,2048,solve,6898.687988
6145,2048,solve,9211.903320
6145,2048,solve,7260.160156
6145,2048,solve,6975.488281
6145,2048,solve,6836.224121
6145,2048,solve,6885.375977
6145,2048,solve,14177.280273
6145,2048,solve,6858.751953
6145,2048,solve,6731.776367
6145,2048,solve,6583.200195
6145,2048,solve,6849.536133
6145,2048,solve,7053.343750
6145,2048,solve,8939.519531
6145,2048,solve,7108.607910
6145,2048,solve,6832.096191
6145,2048,solve,6848.512207
6145,2048,solve,6860.799805
6145,2048,solve,6780.928223
6145,2048,solve,6837.248047
6145,2048,solve,6917.023926
6145,2048,solve,7046.144043
6145,2048,solve,8908.736328
6145,2048,solve,8057.984375
6145,2048,solve,6939.647949
6145,2048,solve,6887.423828
6145,2048,solve,6740.992188
6145,2048,solve,14901.087891
6145,2048,solve,8806.400391
6145,2048,solve,7896.063965
6145,2048,solve,6943.744141
6145,2048,solve,6793.216309
6145,2048,solve,6871.040039
6145,2048,solve,7339.072266
6145,2048,solve,8790.016602
6145,2048,solve,7982.080078
6145,2048,solve,6913.023926
6145,2048,solve,6739.967773
6145,2048,solve,6669.312012
6145,2048,solve,6773.759766
6145,2048,solve,7147.647949
6145,2048,solve,8753.152344
6145,2048,solve,14797.791992
6145,2048,solve,7455.776367
6145,2048,solve,7185.408203
6145,2048,solve,7264.255859
6145,2048,solve,7122.943848
6145,2048,solve,7116.895996
6145,2048,solve,14702.591797
6145,2048,solve,7137.279785
6145,2048,solve,6973.503906
6145,2048,solve,6971.392090
6145,2048,solve,7072.768066
6145,2048,solve,7033.855957
6145,2048,solve,6831.104004
6145,2048,solve,14432.352539
6145,2048,solve,7116.799805
6145,2048,solve,7045.119629
6145,2048,solve,7117.919922
6145,2048,solve,6977.536133
6145,2048,solve,14358.400391
6145,2048,solve,6952.959961
6145,2048,solve,8779.840820
6145,2048,solve,6819.839844
6145,2048,solve,6817.696289
6145,2048,solve,6762.496094
6145,2048,solve,6514.592285
6145,2048,solve,6550.527832
6145,2048,solve,6444.096191
6145,2048,solve,6467.583984
6145,2048,solve,13960.160156
6145,2048,solve,6459.392090
6145,2048,solve,6750.208008
6145,2048,solve,8745.984375
6145,2048,solve,7088.127930
6145,2048,solve,14503.967773
6145,2048,solve,6667.136230
6145,2048,solve,6699.007812
6145,2048,solve,6839.360352
6145,2048,solve,7006.208008
6145,2048,solve,6998.016113
6145,2048,solve,7032.832031
6145,2048,solve,6949.888184
6145,2048,solve,7137.279785
6145,2048,solve,7064.576172
6145,2048,solve,7016.448242
6145,2048,solve,7005.184082
6145,2048,solve,7047.167969
6145,2048,solve,6888.448242
6145,2048,solve,6782.976074
6145,2048,solve,6728.607910
6145,2048,solve,6565.887695
6145,2048,solve,6928.383789
6145,2048,solve,8555.520508
6145,2048,solve,6937.600098
6145,2048,solve,6817.791992
6145,2048,solve,6716.416016
6145,2048,solve,14444.543945
6145,2048,solve,6515.776367
6145,2048,solve,6471.680176
6145,2048,solve,6509.568359
6145,2048,solve,6530.047852
6145,2048,solve,6513.663574
6145,2048,solve,6925.312012
6145,2048,solve,6950.912109
6145,2048,solve,9201.664062
6145,2048,solve,7408.640137
6145,2048,solve,14754.751953
6145,2048,solve,7061.503906
6145,2048,solve,7137.279785
6145,2048,solve,7164.927734
6145,2048,solve,6995.967773
6145,2048,solve,7139.328125
6145,2048,solve,6999.040039
6145,2048,solve,7048.191895
6145,2048,solve,7007.071777
6145,2048,solve,7027.903809
6145,2048,solve,7193.600098
6145,2048,solve,6959.104004
6145,2048,solve,6920.159668
6145,2048,solve,6971.392090
6145,2048,solve,7201.791992
6145,2048,solve,7334.911621
6145,2048,solve,7232.512207
6145,2048,solve,7173.120117
6145,2048,solve,7251.967773
6145,2048,solve,14750.719727
6145,2048,solve,7194.624023
6145,2048,solve,7084.127930
6145,2048,solve,7190.527832
6145,2048,solve,14711.808594
6145,2048,solve,6936.575684
6145,2048,solve,6787.072266
6145,2048,solve,6750.208008
6145,2048,solve,6638.591797
6145,2048,solve,6608.799805
6145,2048,solve,7069.695801
6145,2048,solve,9440.255859
6145,2048,solve,14682.111328
6145,2048,solve,6851.583984
6145,2048,solve,6663.263672
6145,2048,solve,6618.112305
6145,2048,solve,6629.375977
6145,2048,solve,6483.936035
6145,2048,solve,6915.071777
6145,2048,solve,9418.751953
6145,2048,solve,7321.600098
6145,2048,solve,7004.160156
6145,2048,solve,6969.408203
6145,2048,solve,6754.303711
6145,2048,solve,6995.936035
6145,2048,solve,7075.839844
6145,2048,solve,14481.408203
6145,2048,solve,6889.472168
6145,2048,solve,7041.087891
6145,2048,solve,7123.968262
6145,2048,solve,7166.816406
6145,2048,solve,7083.040039
6145,2048,solve,7044.096191
6145,2048,solve,7020.543945
6145,2048,solve,7128.063965
6145,2048,solve,7128.063965
6145,2048,solve,14440.448242
6145,2048,solve,6731.776367
6145,2048,solve,6806.528320
6145,2048,solve,6822.912109
6145,2048,solve,6756.255859
6145,2048,solve,6705.151855
6145,2048,solve,6763.519531
6145,2048,solve,7288.832031
6145,2048,solve,9192.447266
6145,2048,solve,7277.472168
6145,2048,solve,7222.271973
6145,2048,solve,7190.527832
6145,2048,solve,7048.191895
6145,2048,solve,7056.384277
6145,2048,solve,14754.816406
6145,2048,solve,7051.423828
6145,2048,solve,7087.104004
6145,2048,solve,7164.927734
6145,2048,solve,7012.352051
6145,2048,solve,7035.903809
6145,2048,solve,6887.423828
6145,2048,solve,6879.231934
6145,2048,solve,6748.159668
6145,2048,solve,6547.455566
6145,2048,solve,6548.479980
6145,2048,solve,6333.439941
6145,2048,solve,6797.312012
6145,2048,solve,6468.607910
6145,2048,solve,6490.111816
6145,2048,solve,6836.255859
6145,2048,solve,6740.992188
6145,2048,solve,6656.096191
6145,2048,solve,14945.280273
6145,2048,solve,6784.000000
6145,2048,solve,7158.912109
6145,2048,solve,6914.015625
6145,2048,solve,6920.191895
6145,2048,solve,6957.056152
6145,2048,solve,6863.872070
6145,2048,solve,7068.672363
6145,2048,solve,6925.312012
6145,2048,solve,6932.479980
6145,2048,solve,7077.888184
6145,2048,solve,7126.016113
6145,2048,solve,9384.959961
6145,2048,solve,7546.879883
6145,2048,solve,7464.959961
6145,2048,solve,7199.872070
6145,2048,solve,7038.976074
6145,2048,solve,14931.967773
6145,2048,solve,7067.647949
6145,2048,solve,6897.664062
6145,2048,solve,6904.832031
6145,2048,solve,6797.312012
6145,2048,solve,6802.432129
6145,2048,solve,6721.471680
6145,2048,solve,6899.647949
6145,2048,solve,7165.952148
6145,2048,solve,9039.872070
6145,2048,solve,7792.640137
6145,2048,solve,7808.000000
6145,2048,solve,7776.319824
6145,2048,solve,15479.807617
6145,2048,solve,7324.672363
6145,2048,solve,7293.952148
6145,2048,solve,7435.264160
6145,2048,solve,7325.695801
6145,2048,solve,7321.600098
6145,2048,solve,7319.551758
6145,2048,solve,7365.631836
6145,2048,solve,7148.543945
6145,2048,solve,6897.664062
6145,2048,solve,6726.655762
6145,2048,solve,14744.576172
6145,2048,solve,9705.408203
6145,2048,solve,7541.759766
6145,2048,solve,7076.863770
6145,2048,solve,6945.791992
6145,2048,solve,6697.984375
6145,2048,solve,6613.920410
6145,2048,solve,7117.824219
6145,2048,solve,9082.879883
6145,2048,solve,7030.784180
6145,2048,solve,6994.751953
6145,2048,solve,6880.127930
6145,2048,solve,6913.055664
6145,2048,solve,6868.095703
6145,2048,solve,7262.208008
6145,2048,solve,7249.919922
6145,2048,solve,7190.527832
6145,2048,solve,7335.936035
6145,2048,solve,7098.368164
6145,2048,solve,7128.063965
6145,2048,solve,14415.872070
6145,2048,solve,7193.600098
6145,2048,solve,7052.288086
6145,2048,solve,7094.271973
6145,2048,solve,6951.935547
6145,2048,solve,6686.719727
6145,2048,solve,6526.976074
6145,2048,solve,6901.728027
6145,2048,solve,9660.416016
6145,2048,solve,7236.607910
6145,2048,solve,6926.335938
6145,2048,solve,6470.655762
6145,2048,solve,6725.632324
6145,2048,solve,6634.528320
6145,2048,solve,13922.303711
6145,2048,solve,6833.151855
6145,2048,solve,6688.768066
6145,2048,solve,6834.176270
6145,2048,solve,6832.032227
6145,2048,solve,6781.952148
6145,2048,solve,6943.808105
6145,2048,solve,6863.872070
6145,2048,solve,6930.304199
6145,2048,solve,7100.512207
6145,2048,solve,6889.472168
6145,2048,solve,6861.824219
6145,2048,solve,6854.560059
6145,2048,solve,6715.392090
6145,2048,solve,6732.799805
6145,2048,solve,6867.968262
6145,2048,solve,6841.375977
6145,2048,solve,6876.160156
6145,2048,solve,6845.503906
6145,2048,solve,6823.936035
6145,2048,solve,6994.944336
6145,2048,solve,6819.839844
6145,2048,solve,6850.560059
6145,2048,solve,6879.231934
6145,2048,solve,6805.503906
6145,2048,solve,6838.271973
6145,2048,solve,6987.775879
6145,2048,solve,14833.664062
6145,2048,solve,7185.408203
6145,2048,solve,9256.959961
6145,2048,solve,7356.416016
6145,2048,solve,7169.023926
6145,2048,solve,6990.848145
6145,2048,solve,6901.760254
6145,2048,solve,6864.895996
6145,2048,solve,6808.576172
6145,2048,solve,6809.600098
6145,2048,solve,7304.191895
6145,2048,solve,9193.471680
6145,2048,solve,7514.111816
6145,2048,solve,7322.624023
6145,2048,solve,7088.127930
6145,2048,solve,6978.560059
6145,2048,solve,6467.552246
6145,2048,solve,6583.295898
6145,2048,solve,6562.815918
6145,2048,solve,7126.080078
6145,2048,solve,9259.008789
6145,2048,solve,7085.055664
6145,2048,solve,6853.631836
6145,2048,solve,6742.015625
6145,2048,solve,6672.383789
6145,2048,solve,14228.480469
6145,2048,solve,6453.279785
6145,2048,solve,6710.271973
6145,2048,solve,6469.632324
6145,2048,solve,6529.023926
6145,2048,solve,6490.111816
6145,2048,solve,6536.191895
6145,2048,solve,6842.496094
6145,2048,solve,8928.255859
6145,2048,solve,7865.344238
6145,2048,solve,7090.079590
6145,2048,solve,6896.639648
6145,2048,solve,6780.928223
6145,2048,solve,6699.007812
6145,2048,solve,7060.479980
6145,2048,solve,8878.080078
6145,2048,solve,7656.447754
6145,2048,solve,7667.712402
6145,2048,solve,15258.815430
6145,2048,solve,7562.240234
6145,2048,solve,7088.127930
6145,2048,solve,7321.600098
6145,2048,solve,7156.799805
6145,2048,solve,7146.368164
6145,2048,solve,14909.440430
6145,2048,solve,7113.728027
6145,2048,solve,7064.576172
6145,2048,solve,6942.719727
6145,2048,solve,6972.416016
6145,2048,solve,6977.536133
6145,2048,solve,7040.000000
6145,2048,solve,7010.304199
6145,2048,solve,7002.016113
6145,2048,solve,6933.503906
6145,2048,solve,7320.576172
6145,2048,solve,16487.425781
6145,2048,solve,7273.471680
6145,2048,solve,7288.832031
6145,2048,solve,7328.767578
6145,2048,solve,6983.679688
6145,2048,solve,7161.855957
6145,2048,solve,7158.783691
6145,2048,solve,7194.624023
6145,2048,solve,7122.943848
6145,2048,solve,7170.048340
6145,2048,solve,7042.047852
6145,2048,solve,7208.096191
6145,2048,solve,6896.639648
6145,2048,solve,6558.720215
6145,2048,solve,6558.784180
6145,2048,solve,6572.031738
6145,2048,solve,7160.832031
6145,2048,solve,10051.583984
6145,2048,solve,7352.320312
6145,2048,solve,7230.463867
6145,2048,solve,14686.208008
6145,2048,solve,8079.520020
6145,2048,solve,7077.888184
6145,2048,solve,7087.104004
6145,2048,solve,7111.583984
6145,2048,solve,6962.175781
6145,2048,solve,7119.872070
6145,2048,solve,6979.583984
6145,2048,solve,6895.616211
6145,2048,solve,7115.775879
6145,2048,solve,6942.719727
6145,2048,solve,6902.783691
6145,2048,solve,14388.223633
6145,2048,solve,6472.704102
6145,2048,solve,6455.295898
6145,2048,solve,6513.663574
6145,2048,solve,6922.271973
6145,2048,solve,6919.136230
6145,2048,solve,8837.120117
6145,2048,solve,7325.695801
6145,2048,solve,6976.511719
6145,2048,solve,6930.431641
6145,2048,solve,6815.744141
6145,2048,solve,6743.040039
6145,2048,solve,7110.655762
6145,2048,solve,8821.759766
6145,2048,solve,7023.615723
6145,2048,solve,6906.879883
6145,2048,solve,6827.007812
6145,2048,solve,6878.208008
6145,2048,solve,6740.063965
6145,2048,solve,6881.279785
6145,2048,solve,6651.904297
6145,2048,solve,6951.935547
6145,2048,solve,9036.800781
6145,2048,solve,7395.328125
6145,2048,solve,7162.879883
6145,2048,solve,6864.895996
6145,2048,solve,6852.608398
6145,2048,solve,6723.583984
6145,2048,solve,14519.328125
6145,2048,solve,6680.575684
6145,2048,solve,6628.352051
6145,2048,solve,6917.120117
6145,2048,solve,9072.640625
6145,2048,solve,8535.040039
6145,2048,solve,6904.832031
6145,2048,solve,6718.495605
6145,2048,solve,6692.863770
6145,2048,solve,6552.576172
6145,2048,solve,6879.263672
6145,2048,solve,8697.855469
6145,2048,solve,7087.104004
6145,2048,solve,6907.839844
6145,2048,solve,6809.600098
6145,2048,solve,6590.496094
6145,2048,solve,6552.512207
6145,2048,solve,6836.224121
6145,2048,solve,8868.864258
6145,2048,solve,6979.583984
6145,2048,solve,6925.312012
6145,2048,solve,6689.791992
6145,2048,solve,6608.895996
6145,2048,solve,6653.952148
6145,2048,solve,6920.191895
6145,2048,solve,8953.984375
6145,2048,solve,7086.080078
6145,2048,solve,6853.631836
6145,2048,solve,6759.391602
6145,2048,solve,6717.439941
6145,2048,solve,6618.112305
6145,2048,solve,6712.319824
6145,2048,solve,6559.743652
6145,2048,solve,6821.824219
6145,2048,solve,9174.143555
6145,2048,solve,7233.535645
6145,2048,solve,14430.208008
6145,2048,solve,241.664001
6145,2048,checkDegeneracy,129.151993
4097,2048,costsVector,137.216003
4097,2048,gauss2,1862.687988
4097,2048,solve,4931.583984
4097,2048,solve,7616.511719
4097,2048,solve,7169.023926
4097,2048,solve,5150.687988
4097,2048,solve,5415.040039
4097,2048,solve,4862.976074
4097,2048,solve,5208.127930
4097,2048,solve,8901.536133
4097,2048,solve,5733.471680
4097,2048,solve,5530.720215
4097,2048,solve,5089.280273
4097,2048,solve,5130.239746
4097,2048,solve,4714.496094
4097,2048,solve,6394.015625
4097,2048,solve,6639.616211
4097,2048,solve,5816.319824
4097,2048,solve,5833.728027
4097,2048,solve,5404.672363
4097,2048,solve,5421.055664
4097,2048,solve,5275.647949
4097,2048,solve,5342.208008
4097,2048,solve,5584.895996
4097,2048,solve,5082.111816
4097,2048,solve,5267.456055
4097,2048,solve,5164.032227
4097,2048,solve,4964.352051
4097,2048,solve,4887.551758
4097,2048,solve,4782.112305
4097,2048,solve,4802.560059
4097,2048,solve,4788.224121
4097,2048,solve,4744.191895
4097,2048,solve,4788.224121
4097,2048,solve,4902.912109
4097,2048,solve,4741.119629
4097,2048,solve,4722.687988
4097,2048,solve,4749.375977
4097,2048,solve,4960.255859
4097,2048,solve,4824.063965
4097,2048,solve,4893.695801
4097,2048,solve,4763.680176
4097,2048,solve,4941.919922
4097,2048,solve,4584.512207
4097,2048,solve,4695.136230
4097,2048,solve,4785.151855
4097,2048,solve,6718.463867
4097,2048,solve,6624.256348
4097,2048,solve,5304.319824
4097,2048,solve,4835.328125
4097,2048,solve,4711.423828
4097,2048,solve,4689.919922
4097,2048,solve,4601.856445
4097,2048,solve,4475.903809
4097,2048,solve,4450.304199
4097,2048,solve,4774.912109
4097,2048,solve,7166.976074
4097,2048,solve,6159.359863
4097,2048,solve,4950.016113
4097,2048,solve,4881.408203
4097,2048,solve,4665.344238
4097,2048,solve,4644.864258
4097,2048,solve,4686.848145
4097,2048,solve,4479.040039
4097,2048,solve,4815.872070
4097,2048,solve,7082.943848
4097,2048,solve,6433.791992
4097,2048,solve,5278.719727
4097,2048,solve,4972.544434
4097,2048,solve,4849.664062
4097,2048,solve,4834.303711
4097,2048,solve,4827.295898
4097,2048,solve,4751.359863
4097,2048,solve,4769.791992
4097,2048,solve,4921.376465
4097,2048,solve,4937.728027
4097,2048,solve,4789.248047
4097,2048,solve,4869.120117
4097,2048,solve,4783.104004
4097,2048,solve,4920.319824
4097,2048,solve,4780.191895
4097,2048,solve,4816.895996
4097,2048,solve,4744.191895
4097,2048,solve,4886.527832
4097,2048,solve,4945.919922
4097,2048,solve,5064.704102
4097,2048,solve,4923.391602
4097,2048,solve,4936.704102
4097,2048,solve,5013.631836
4097,2048,solve,5063.615723
4097,2048,solve,5155.839844
4097,2048,solve,5125.120117
4097,2048,solve,5124.095703
4097,2048,solve,4990.976074
4097,2048,solve,4987.904297
4097,2048,solve,5123.072266
4097,2048,solve,4865.023926
4097,2048,solve,5079.040039
4097,2048,solve,5008.384277
4097,2048,solve,4994.048340
4097,2048,solve,5118.976074
4097,2048,solve,4938.751953
4097,2048,solve,5145.599609
4097,2048,solve,4738.943848
4097,2048,solve,4824.992188
4097,2048,solve,4470.912109
4097,2048,solve,4544.511719
4097,2048,solve,4742.112305
4097,2048,solve,4812.799805
4097,2048,solve,6950.912109
4097,2048,solve,6780.063965
4097,2048,solve,4912.127930
4097,2048,solve,5003.264160
4097,2048,solve,4815.839844
4097,2048,solve,4727.808105
4097,2048,solve,4606.976074
4097,2048,solve,4543.487793
4097,2048,solve,4949.087891
4097,2048,solve,7103.487793
4097,2048,solve,6350.848145
4097,2048,solve,5142.527832
4097,2048,solve,4823.040039
4097,2048,solve,4844.543945
4097,2048,solve,4608.000000
4097,2048,solve,4823.040039
4097,2048,solve,7278.592285
4097,2048,solve,6977.536133
4097,2048,solve,5173.087891
4097,2048,solve,4913.152344
4097,2048,solve,4689.919922
4097,2048,solve,4642.815918
4097,2048,solve,4494.335938
4097,2048,solve,4551.680176
4097,2048,solve,4495.391602
4097,2048,solve,4764.671875
4097,2048,solve,4440.063965
4097,2048,solve,4451.327637
4097,2048,solve,4829.184082
4097,2048,solve,819.199951
4097,2048,solution,3854.432129
