vars,contraints,operation,elapsed_time
3073,1024,fillTableau,7969.791992
3073,1024,gauss1,921.599976
3073,1024,solve,2787.328125
3073,1024,solve,2810.879883
3073,1024,solve,2665.471924
3073,1024,solve,3569.664062
3073,1024,solve,3348.479980
3073,1024,solve,3014.656006
3073,1024,solve,4378.624023
3073,1024,solve,2489.343994
3073,1024,solve,3832.000000
3073,1024,solve,5551.104004
3073,1024,solve,4854.784180
3073,1024,solve,4023.295898
3073,1024,solve,3248.192139
3073,1024,solve,4277.248047
3073,1024,solve,3294.112061
3073,1024,solve,10105.855469
3073,1024,solve,5613.567871
3073,1024,solve,14189.567383
3073,1024,solve,4271.104004
3073,1024,solve,4258.815918
3073,1024,solve,3369.983887
3073,1024,solve,3284.000000
3073,1024,solve,3773.439941
3073,1024,solve,3085.312012
3073,1024,solve,2946.048096
3073,1024,solve,2895.968018
3073,1024,solve,3109.055908
3073,1024,solve,3731.679932
3073,1024,solve,3272.671875
3073,1024,solve,2846.719971
3073,1024,solve,2444.288086
3073,1024,solve,2613.055908
3073,1024,solve,3149.823975
3073,1024,solve,3118.079834
3073,1024,solve,2942.976074
3073,1024,solve,2404.352051
3073,1024,solve,2944.000000
3073,1024,solve,2918.400146
3073,1024,solve,3565.599854
3073,1024,solve,6361.248047
3073,1024,solve,5742.591797
3073,1024,solve,4130.815918
3073,1024,solve,2809.855957
3073,1024,solve,2844.671875
3073,1024,solve,2552.671875
3073,1024,solve,2578.432129
3073,1024,solve,3127.295898
3073,1024,solve,2759.679932
3073,1024,solve,2547.712158
3073,1024,solve,2377.728027
3073,1024,solve,2385.920166
3073,1024,solve,3010.560059
3073,1024,solve,6760.608398
3073,1024,solve,4997.120117
3073,1024,solve,4595.712402
3073,1024,solve,3193.887939
3073,1024,solve,2824.416016
3073,1024,solve,2824.320068
3073,1024,solve,2599.904053
3073,1024,solve,2654.335938
3073,1024,solve,2574.335938
3073,1024,solve,2183.167969
3073,1024,solve,2036.735962
3073,1024,solve,2287.615967
3073,1024,solve,2400.255859
3073,1024,solve,2544.640137
3073,1024,solve,6502.399902
3073,1024,solve,6047.616211
3073,1024,solve,4128.768066
3073,1024,solve,3331.263916
3073,1024,solve,2643.071777
3073,1024,solve,2469.696045
3073,1024,solve,2587.743896
3073,1024,solve,2429.951904
3073,1024,solve,3346.431885
3073,1024,solve,5138.335938
3073,1024,solve,4408.319824
3073,1024,solve,3174.400146
3073,1024,solve,3928.064209
3073,1024,solve,2722.719971
3073,1024,solve,2946.847900
3073,1024,solve,2892.800049
3073,1024,solve,2628.607910
3073,1024,solve,3358.527832
3073,1024,solve,6279.167969
3073,1024,solve,7206.816406
3073,1024,solve,3535.872070
3073,1024,solve,2530.303955
3073,1024,solve,2478.080078
3073,1024,solve,2471.008057
3073,1024,solve,2145.248047
3073,1024,solve,2593.791992
3073,1024,solve,2896.895996
3073,1024,solve,2467.839844
3073,1024,solve,4488.191895
3073,1024,solve,4384.768066
3073,1024,solve,4797.439941
3073,1024,solve,4920.319824
3073,1024,solve,4493.312012
3073,1024,solve,4451.327637
3073,1024,solve,4564.063965
3073,1024,solve,4448.255859
3073,1024,solve,4749.312012
3073,1024,solve,4365.312012
3073,1024,solve,4284.416016
3073,1024,solve,4260.959961
3073,1024,solve,4333.600098
3073,1024,solve,4183.040039
3073,1024,solve,4622.367676
3073,1024,solve,4447.231934
3073,1024,solve,4565.120117
3073,1024,solve,4564.992188
3073,1024,solve,4720.735840
3073,1024,solve,4969.472168
3073,1024,solve,4675.583984
3073,1024,solve,4037.600098
3073,1024,solve,4206.592285
3073,1024,solve,4217.855957
3073,1024,solve,4577.280273
3073,1024,solve,4567.040039
3073,1024,solve,4221.952148
3073,1024,solve,3263.552002
3073,1024,solve,4313.952148
3073,1024,solve,4383.743652
3073,1024,solve,4754.527832
3073,1024,solve,5293.087891
3073,1024,solve,6418.432129
3073,1024,solve,4769.791992
3073,1024,solve,5055.295898
3073,1024,solve,4745.215820
3073,1024,solve,4762.624023
3073,1024,solve,5082.080078
3073,1024,solve,4678.656250
3073,1024,solve,4889.599609
3073,1024,solve,5083.167969
3073,1024,solve,5072.832031
3073,1024,solve,5006.336426
3073,1024,solve,5220.352051
3073,1024,solve,5246.976074
3073,1024,solve,5189.631836
3073,1024,solve,5154.815918
3073,1024,solve,3550.208008
3073,1024,solve,4926.496094
3073,1024,solve,3623.936035
3073,1024,solve,5485.567871
3073,1024,solve,5300.223633
3073,1024,solve,5297.151855
3073,1024,solve,3871.743896
3073,1024,solve,5159.743652
3073,1024,solve,5088.255859
3073,1024,solve,5095.551758
3073,1024,solve,5178.559570
3073,1024,solve,5021.696289
3073,1024,solve,5166.080078
3073,1024,solve,4742.112305
3073,1024,solve,5044.191895
3073,1024,solve,5177.343750
3073,1024,solve,5745.664062
3073,1024,solve,5192.704102
3073,1024,solve,3900.416016
3073,1024,solve,5715.968262
3073,1024,solve,3726.335938
3073,1024,solve,5331.967773
3073,1024,solve,4298.751953
3073,1024,solve,4913.152344
3073,1024,solve,3372.031982
3073,1024,solve,4954.111816
3073,1024,solve,5073.952148
3073,1024,solve,4927.487793
3073,1024,solve,5271.552246
3073,1024,solve,3560.447998
3073,1024,solve,5032.032227
3073,1024,solve,5025.791992
3073,1024,solve,5334.015625
3073,1024,solve,4906.112305
3073,1024,solve,3380.223877
3073,1024,solve,5177.343750
3073,1024,solve,5612.543945
3073,1024,solve,5230.560059
3073,1024,solve,5326.848145
3073,1024,solve,5108.735840
3073,1024,solve,5044.223633
3073,1024,solve,5070.784180
3073,1024,solve,5252.096191
3073,1024,solve,3558.399902
3073,1024,solve,5139.455566
3073,1024,solve,5127.136230
3073,1024,solve,3395.583984
3073,1024,solve,5426.176270
3073,1024,solve,3521.536133
3073,1024,solve,5496.832031
3073,1024,solve,3892.224121
3073,1024,solve,5462.016113
3073,1024,solve,3343.359863
3073,1024,solve,5188.608398
3073,1024,solve,4834.303711
3073,1024,solve,5167.104004
3073,1024,solve,3570.687988
3073,1024,solve,5165.056152
3073,1024,solve,3595.392090
3073,1024,solve,4940.800293
3073,1024,solve,5134.335938
3073,1024,solve,5042.208008
3073,1024,solve,5003.359863
3073,1024,solve,5518.335938
3073,1024,solve,3478.528076
3073,1024,solve,5350.399902
3073,1024,solve,5318.655762
3073,1024,solve,3504.127930
3073,1024,solve,5262.335938
3073,1024,solve,4909.056152
3073,1024,solve,3030.015869
3073,1024,solve,4643.839844
3073,1024,solve,2766.976074
3073,1024,solve,4395.008301
3073,1024,solve,2545.664062
3073,1024,solve,4425.791992
3073,1024,solve,2352.224121
3073,1024,solve,4274.303711
3073,1024,solve,4355.072266
3073,1024,solve,2534.399902
3073,1024,solve,6297.599609
3073,1024,solve,6924.191895
3073,1024,solve,3214.335938
3073,1024,solve,5253.120117
3073,1024,solve,4878.335938
3073,1024,solve,2976.768066
3073,1024,solve,3182.591797
3073,1024,solve,5028.863770
3073,1024,solve,5035.007812
3073,1024,solve,4969.472168
3073,1024,solve,5049.375977
3073,1024,solve,3002.367920
3073,1024,solve,3080.192139
3073,1024,solve,5003.264160
3073,1024,solve,3175.424072
3073,1024,solve,5237.760254
3073,1024,solve,4709.375977
3073,1024,solve,3128.320068
3073,1024,solve,5071.872070
3073,1024,solve,4805.632324
3073,1024,solve,2842.528076
3073,1024,solve,4734.975586
3073,1024,solve,3067.904053
3073,1024,solve,4802.560059
3073,1024,solve,4965.375977
3073,1024,solve,4714.496094
3073,1024,solve,2839.552002
3073,1024,solve,4832.255859
3073,1024,solve,4939.775879
3073,1024,solve,5011.456055
3073,1024,solve,5076.992188
3073,1024,solve,3041.280029
3073,1024,solve,3041.248047
3073,1024,solve,4980.735840
3073,1024,solve,3168.351807
3073,1024,solve,4493.312012
3073,1024,solve,2957.312012
3073,1024,solve,2854.912109
3073,1024,solve,4348.927734
3073,1024,solve,2722.815918
3073,1024,solve,4352.928223
3073,1024,solve,4370.432129
3073,1024,solve,2838.527832
3073,1024,solve,4429.823730
3073,1024,solve,2788.352051
3073,1024,solve,4419.583984
3073,1024,solve,4310.144043
3073,1024,solve,4468.736328
3073,1024,solve,4578.303711
3073,1024,solve,4584.447754
3073,1024,solve,4571.136230
3073,1024,solve,2965.503906
3073,1024,solve,4659.200195
3073,1024,solve,3035.135986
3073,1024,solve,4439.040039
3073,1024,solve,2746.432129
3073,1024,solve,4187.071777
3073,1024,solve,2554.879883
3073,1024,solve,2504.704102
3073,1024,solve,3966.975830
3073,1024,solve,10614.784180
3073,1024,solve,5229.567871
3073,1024,solve,4280.320312
3073,1024,solve,4146.175781
3073,1024,solve,3998.528076
3073,1024,solve,4016.128174
3073,1024,solve,2941.855957
3073,1024,solve,5977.087891
3073,1024,solve,12402.784180
3073,1024,solve,6384.640137
3073,1024,solve,4327.199707
3073,1024,solve,5564.416016
3073,1024,solve,5202.943848
3073,1024,solve,3398.816162
3073,1024,solve,5760.000000
3073,1024,solve,3575.808105
3073,1024,solve,3655.679932
3073,1024,solve,6184.927734
3073,1024,solve,4797.439941
3073,1024,solve,5253.120117
3073,1024,solve,3825.664062
3073,1024,solve,5091.328125
3073,1024,solve,3841.088135
3073,1024,solve,3699.712158
3073,1024,solve,5427.199707
3073,1024,solve,3571.775879
3073,1024,solve,5354.496094
3073,1024,solve,3911.679932
3073,1024,solve,5885.952148
3073,1024,solve,5506.048340
3073,1024,solve,5505.023926
3073,1024,solve,5988.319824
3073,1024,solve,3969.919922
3073,1024,solve,5683.199707
3073,1024,solve,4005.887939
3073,1024,solve,4705.408203
3073,1024,solve,4772.863770
3073,1024,solve,6162.432129
3073,1024,solve,5916.672363
3073,1024,solve,4575.424316
3073,1024,solve,3729.375977
3073,1024,solve,5300.384277
3073,1024,solve,7769.087891
3073,1024,solve,3984.384033
3073,1024,solve,5355.519531
3073,1024,solve,5628.928223
3073,1024,solve,6166.528320
3073,1024,solve,5583.072266
3073,1024,solve,4016.128174
3073,1024,solve,3569.503906
3073,1024,solve,5050.367676
3073,1024,solve,10583.167969
3073,1024,solve,5485.567871
3073,1024,solve,4136.959961
3073,1024,solve,6216.735840
3073,1024,solve,4783.104004
3073,1024,solve,5767.167969
3073,1024,solve,3779.583984
3073,1024,solve,4753.600098
3073,1024,solve,5711.071777
3073,1024,solve,3628.959961
3073,1024,solve,5344.319824
3073,1024,solve,5935.295898
3073,1024,solve,4036.575684
3073,1024,solve,5831.679688
3073,1024,solve,5229.695801
3073,1024,solve,3449.855957
3073,1024,solve,5128.191895
3073,1024,solve,3520.512207
3073,1024,solve,5100.543945
3073,1024,solve,5317.632324
3073,1024,solve,3587.071777
3073,1024,solve,3805.183838
3073,1024,solve,5141.312012
3073,1024,solve,2918.400146
3073,1024,solve,4338.687988
3073,1024,solve,2775.167969
3073,1024,solve,4343.840332
3073,1024,solve,5782.527832
3073,1024,solve,4313.087891
3073,1024,solve,4205.632324
3073,1024,solve,4197.375977
3073,1024,solve,4670.463867
3073,1024,solve,5087.231934
3073,1024,solve,2914.303955
3073,1024,solve,5771.264160
3073,1024,solve,4841.472168
3073,1024,solve,2931.647949
3073,1024,solve,5067.776367
3073,1024,solve,6331.391602
3073,1024,solve,3759.104004
3073,1024,solve,5656.576172
3073,1024,solve,4178.944336
3073,1024,solve,6196.224121
3073,1024,solve,6242.303711
3073,1024,solve,12510.208008
3073,1024,solve,5081.087891
3073,1024,solve,7198.656250
3073,1024,solve,3736.416016
3073,1024,solve,5827.583984
3073,1024,solve,5638.271973
3073,1024,solve,6134.784180
3073,1024,solve,11127.807617
3073,1024,solve,5472.256348
3073,1024,solve,5438.464355
3073,1024,solve,3659.775879
3073,1024,solve,6221.824219
3073,1024,solve,5611.520020
3073,1024,solve,4519.936035
3073,1024,solve,3529.728027
3073,1024,solve,7267.327637
3073,1024,solve,7555.071777
3073,1024,solve,5117.951660
3073,1024,solve,7140.448242
3073,1024,solve,6084.607910
3073,1024,solve,6177.791992
3073,1024,solve,6294.527832
3073,1024,solve,12565.503906
3073,1024,solve,6216.864258
3073,1024,solve,6037.504395
3073,1024,solve,6043.647949
3073,1024,solve,5695.487793
3073,1024,solve,3661.823975
3073,1024,solve,12504.063477
3073,1024,solve,4486.144043
3073,1024,solve,6306.784180
3073,1024,solve,5860.416016
3073,1024,solve,5814.271973
3073,1024,solve,5704.736328
3073,1024,solve,5893.280273
3073,1024,solve,11930.656250
3073,1024,solve,5257.184082
3073,1024,solve,5426.176270
3073,1024,solve,5115.903809
3073,1024,solve,5204.991699
3073,1024,solve,5322.687988
3073,1024,solve,5823.679688
3073,1024,solve,4002.816162
3073,1024,solve,5452.832031
3073,1024,solve,11568.127930
3073,1024,solve,5545.983887
3073,1024,solve,5351.391602
3073,1024,solve,5034.912109
3073,1024,solve,5771.264160
3073,1024,solve,4115.456055
3073,1024,solve,4969.472168
3073,1024,solve,3920.895996
3073,1024,solve,12002.303711
3073,1024,solve,6318.080078
3073,1024,solve,5970.943848
3073,1024,solve,4598.784180
3073,1024,solve,6088.895996
3073,1024,solve,5481.472168
3073,1024,solve,5803.008301
3073,1024,solve,5533.696289
3073,1024,solve,5736.447754
3073,1024,solve,10190.912109
3073,1024,solve,5331.071777
3073,1024,solve,5270.527832
3073,1024,solve,5292.031738
3073,1024,solve,5829.696289
3073,1024,solve,5382.144043
3073,1024,solve,5300.320312
3073,1024,solve,5309.439941
3073,1024,solve,5149.728027
3073,1024,solve,3653.791992
3073,1024,solve,5242.911621
3073,1024,solve,4928.512207
3073,1024,solve,5138.432129
3073,1024,solve,5108.735840
3073,1024,solve,5469.184082
3073,1024,solve,3803.136230
3073,1024,solve,4865.023926
3073,1024,solve,4961.279785
3073,1024,solve,7378.943848
3073,1024,solve,5239.808105
3073,1024,solve,5522.431641
3073,1024,solve,5215.231934
3073,1024,solve,5453.824219
3073,1024,solve,5433.343750
3073,1024,solve,5235.711914
3073,1024,solve,9929.727539
3073,1024,solve,5670.911621
3073,1024,solve,5407.744141
3073,1024,solve,4886.527832
3073,1024,solve,5085.184082
3073,1024,solve,5134.335938
3073,1024,solve,5902.335938
3073,1024,solve,11261.823242
3073,1024,solve,5129.216309
3073,1024,solve,4942.848145
3073,1024,solve,4245.503906
3073,1024,solve,5604.352051
3073,1024,solve,4817.920410
3073,1024,solve,3530.751953
3073,1024,solve,8624.127930
3073,1024,solve,5166.111816
3073,1024,solve,5385.216309
3073,1024,solve,5222.432129
3073,1024,solve,3862.592041
3073,1024,solve,5847.040039
3073,1024,solve,3928.064209
3073,1024,solve,3659.775879
3073,1024,solve,11301.888672
3073,1024,solve,5406.720215
3073,1024,solve,5195.775879
3073,1024,solve,6022.144043
3073,1024,solve,5509.120117
3073,1024,solve,10303.487305
3073,1024,solve,5801.152344
3073,1024,solve,5033.919922
3073,1024,solve,6490.111816
3073,1024,solve,3970.047852
3073,1024,solve,5373.119629
3073,1024,solve,5636.096191
3073,1024,solve,5796.864258
3073,1024,solve,12555.264648
3073,1024,solve,5160.959961
3073,1024,solve,5379.072266
3073,1024,solve,5756.927734
3073,1024,solve,6087.679688
3073,1024,solve,5665.791992
3073,1024,solve,7886.784180
3073,1024,solve,5450.751953
3073,1024,solve,5307.392090
3073,1024,solve,5503.007812
3073,1024,solve,6011.903809
3073,1024,solve,5353.472168
3073,1024,solve,9504.768555
3073,1024,solve,5459.968262
3073,1024,solve,5341.184082
3073,1024,solve,3405.823975
3073,1024,solve,5298.175781
3073,1024,solve,5226.687988
3073,1024,solve,5238.783691
3073,1024,solve,9728.959961
3073,1024,solve,5081.215820
3073,1024,solve,5215.231934
3073,1024,solve,5072.991699
3073,1024,solve,5132.288086
3073,1024,solve,6994.944336
3073,1024,solve,4887.551758
3073,1024,solve,4923.391602
3073,1024,solve,3614.720215
3073,1024,solve,5213.184082
3073,1024,solve,3430.335938
3073,1024,solve,5093.375977
3073,1024,solve,5180.416016
3073,1024,solve,10276.864258
3073,1024,solve,5495.808105
3073,1024,solve,3889.152100
3073,1024,solve,5440.352051
3073,1024,solve,5522.431641
3073,1024,solve,5219.295898
3073,1024,solve,8203.264648
3073,1024,solve,3379.199951
3073,1024,solve,5037.056152
3073,1024,solve,5113.855957
3073,1024,solve,4853.759766
3073,1024,solve,4952.223633
3073,1024,solve,3454.976074
3073,1024,solve,5315.583984
3073,1024,solve,7591.936035
3073,1024,solve,5216.319824
3073,1024,solve,3416.927979
3073,1024,solve,4991.200195
3073,1024,solve,5075.967773
3073,1024,solve,5325.791992
3073,1024,solve,5294.079590
3073,1024,solve,5262.335938
3073,1024,solve,11269.120117
3073,1024,solve,6517.759766
3073,1024,solve,4861.055664
3073,1024,solve,3404.800049
3073,1024,solve,5048.479980
3073,1024,solve,5072.895996
3073,1024,solve,5153.823730
3073,1024,solve,4940.800293
3073,1024,solve,4970.399902
3073,1024,solve,5035.104004
3073,1024,solve,5492.735840
3073,1024,solve,3547.135986
3073,1024,solve,4979.711914
3073,1024,solve,3600.416016
3073,1024,solve,5223.423828
3073,1024,solve,5221.375977
3073,1024,solve,5098.496094
3073,1024,solve,5371.903809
3073,1024,solve,5150.720215
3073,1024,solve,5049.408203
3073,1024,solve,4961.279785
3073,1024,solve,4968.448242
3073,1024,solve,5130.239746
3073,1024,solve,5012.479980
3073,1024,solve,5121.023926
3073,1024,solve,3350.528076
3073,1024,solve,4589.600098
3073,1024,solve,2800.640137
3073,1024,solve,4372.479980
3073,1024,solve,4344.832031
3073,1024,solve,2653.183838
3073,1024,solve,4103.167969
3073,1024,solve,2491.391846
3073,1024,solve,4087.808105
3073,1024,solve,2483.072021
3073,1024,solve,2462.719971
3073,1024,solve,3995.647949
3073,1024,solve,2432.000000
3073,1024,solve,3909.632080
3073,1024,solve,2468.864014
3073,1024,solve,4004.864258
3073,1024,solve,2422.784180
3073,1024,solve,3973.119873
3073,1024,solve,2465.791992
3073,1024,solve,3926.016113
3073,1024,solve,4092.991943
3073,1024,solve,4483.071777
3073,1024,solve,2584.736084
3073,1024,solve,4411.392090
3073,1024,solve,2582.528076
3073,1024,solve,2317.439941
3073,1024,solve,4391.936035
3073,1024,solve,4492.288086
3073,1024,solve,4512.832031
3073,1024,solve,2551.808105
3073,1024,solve,4432.895996
3073,1024,solve,2590.719971
3073,1024,solve,2328.576172
3073,1024,solve,4359.167969
3073,1024,solve,2526.208008
3073,1024,solve,4400.127930
3073,1024,solve,4521.983887
3073,1024,solve,2592.768066
3073,1024,solve,4404.224121
3073,1024,solve,4485.119629
3073,1024,solve,4530.176270
3073,1024,solve,2590.719971
3073,1024,solve,4380.671875
3073,1024,solve,4447.231934
3073,1024,solve,4487.104004
3073,1024,solve,4493.312012
3073,1024,solve,4487.167969
3073,1024,solve,4480.000000
3073,1024,solve,4505.600098
3073,1024,solve,4510.719727
3073,1024,solve,4496.384277
3073,1024,solve,4464.640137
3073,1024,solve,4571.167969
3073,1024,solve,4424.672363
3073,1024,solve,2550.784180
3073,1024,solve,4383.743652
3073,1024,solve,2502.496094
3073,1024,solve,2494.592041
3073,1024,solve,4424.640137
3073,1024,solve,2404.383789
3073,1024,solve,2494.463867
3073,1024,solve,4510.784180
3073,1024,solve,2487.296143
3073,1024,solve,4666.271973
3073,1024,solve,4767.744141
3073,1024,solve,2895.936035
3073,1024,solve,4283.392090
3073,1024,solve,2905.087891
3073,1024,solve,4457.407715
3073,1024,solve,4474.880371
3073,1024,solve,2984.959961
3073,1024,solve,4498.432129
3073,1024,solve,4508.672363
3073,1024,solve,4568.064453
3073,1024,solve,4467.711914
3073,1024,solve,4447.231934
3073,1024,solve,4469.823730
3073,1024,solve,4374.527832
3073,1024,solve,2944.000000
3073,1024,solve,4547.583984
3073,1024,solve,2912.287842
3073,1024,solve,4461.567871
3073,1024,solve,2743.295898
3073,1024,solve,4279.295898
3073,1024,solve,2731.008057
3073,1024,solve,4041.728027
3073,1024,solve,2549.760010
3073,1024,solve,4065.280029
3073,1024,solve,4050.911865
3073,1024,solve,2536.447998
3073,1024,solve,4096.000000
3073,1024,solve,4090.847900
3073,1024,solve,2500.607910
3073,1024,solve,2258.944092
3073,1024,solve,3869.664062
3073,1024,solve,4230.144043
3073,1024,solve,2672.640137
3073,1024,solve,2448.256104
3073,1024,solve,2594.815918
3073,1024,solve,4186.111816
3073,1024,solve,4325.375977
3073,1024,solve,2800.735840
3073,1024,solve,4221.952148
3073,1024,solve,2692.095947
3073,1024,solve,4170.720215
3073,1024,solve,2378.815918
3073,1024,solve,2259.968018
3073,1024,solve,2193.407959
3073,1024,solve,3653.631836
3073,1024,solve,2295.936035
3073,1024,solve,3587.199951
3073,1024,solve,2457.696045
3073,1024,solve,2593.791992
3073,1024,solve,2353.152100
3073,1024,solve,2071.552002
3073,1024,solve,2057.215820
3073,1024,solve,3597.376221
3073,1024,solve,2880.511963
3073,1024,solve,4627.456055
3073,1024,solve,4675.615723
3073,1024,solve,3578.880127
3073,1024,solve,3322.880127
3073,1024,solve,5150.720215
3073,1024,solve,3538.944092
3073,1024,solve,3579.904053
3073,1024,solve,3515.392090
3073,1024,solve,5181.439941
3073,1024,solve,4960.127930
3073,1024,solve,5061.632324
3073,1024,solve,5165.151855
3073,1024,solve,3236.959961
3073,1024,solve,3516.416016
3073,1024,solve,3545.088135
3073,1024,solve,5055.488281
3073,1024,solve,5030.912109
3073,1024,solve,5389.312012
3073,1024,solve,3367.935791
3073,1024,solve,5142.496094
3073,1024,solve,4955.135742
3073,1024,solve,5653.503906
3073,1024,solve,4104.095703
3073,1024,solve,5601.280273
3073,1024,solve,3884.128174
3073,1024,solve,3648.544189
3073,1024,solve,5255.167969
3073,1024,solve,3766.271973
3073,1024,solve,5372.928223
3073,1024,solve,3745.791992
3073,1024,solve,3684.351807
3073,1024,solve,5661.728027
3073,1024,solve,3509.248047
3073,1024,solve,3439.615967
3073,1024,solve,3512.384033
3073,1024,solve,5202.943848
3073,1024,solve,5111.807617
3073,1024,solve,5210.112305
3073,1024,solve,3502.048096
3073,1024,solve,3470.335938
3073,1024,solve,3531.775879
3073,1024,solve,3354.624023
3073,1024,solve,5154.943848
3073,1024,solve,3183.615967
3073,1024,solve,5060.639648
3073,1024,solve,3295.392090
3073,1024,solve,5066.751953
3073,1024,solve,3127.360107
3073,1024,solve,2981.887939
3073,1024,solve,4809.728027
3073,1024,solve,5168.127930
3073,1024,solve,3299.328125
3073,1024,solve,3304.447998
3073,1024,solve,4734.975586
3073,1024,solve,3198.976074
3073,1024,solve,3187.616211
3073,1024,solve,5174.271973
3073,1024,solve,4839.424316
3073,1024,solve,3215.359863
3073,1024,solve,5072.800293
3073,1024,solve,3096.672119
3073,1024,solve,4850.687988
3073,1024,solve,4825.184082
3073,1024,solve,4793.344238
3073,1024,solve,3106.847900
3073,1024,solve,4832.255859
3073,1024,solve,3079.167969
3073,1024,solve,4519.936035
3073,1024,solve,4488.191895
3073,1024,solve,2779.135986
3073,1024,solve,4516.863770
3073,1024,solve,2562.047852
3073,1024,solve,4070.400146
3073,1024,solve,4373.504395
3073,1024,solve,4368.383789
3073,1024,solve,4525.055664
3073,1024,solve,4509.695801
3073,1024,solve,4653.151855
3073,1024,solve,4509.695801
3073,1024,solve,4533.279785
3073,1024,solve,2632.672119
3073,1024,solve,4660.224121
3073,1024,solve,4705.279785
3073,1024,solve,2598.912109
3073,1024,solve,4472.799805
3073,1024,solve,4540.512207
3073,1024,solve,4499.296387
3073,1024,solve,4571.136230
3073,1024,solve,2581.504150
3073,1024,solve,4492.288086
3073,1024,solve,4532.224121
3073,1024,solve,4556.671875
3073,1024,solve,4499.456055
3073,1024,solve,2601.984131
3073,1024,solve,4503.551758
3073,1024,solve,4450.304199
3073,1024,solve,4481.023926
3073,1024,solve,4551.680176
3073,1024,solve,2467.839844
3073,1024,solve,4412.416016
3073,1024,solve,4605.951660
3073,1024,solve,2871.455811
3073,1024,solve,4752.384277
3073,1024,solve,4762.624023
3073,1024,solve,4796.416016
3073,1024,solve,4959.231934
3073,1024,solve,4946.944336
3073,1024,solve,4825.087891
3073,1024,solve,4872.191895
3073,1024,solve,4882.335938
3073,1024,solve,4938.751953
3073,1024,solve,4570.112305
3073,1024,solve,4889.599609
3073,1024,solve,4564.096191
3073,1024,solve,4514.815918
3073,1024,solve,4580.352051
3073,1024,solve,2604.031982
3073,1024,solve,4613.120117
3073,1024,solve,4345.855957
3073,1024,solve,4451.327637
3073,1024,solve,4470.815918
3073,1024,solve,4564.992188
3073,1024,solve,4281.343750
3073,1024,solve,2797.568115
3073,1024,solve,4119.552246
3073,1024,solve,2288.640137
3073,1024,solve,3974.144043
3073,1024,solve,2360.224121
3073,1024,solve,3935.231934
3073,1024,solve,4375.552246
3073,1024,solve,4168.863770
3073,1024,solve,4197.408203
3073,1024,solve,4234.240234
3073,1024,solve,4143.072266
3073,1024,solve,4177.919922
3073,1024,solve,4440.063965
3073,1024,solve,2449.407959
3073,1024,solve,3954.687988
3073,1024,solve,4087.840088
3073,1024,solve,2400.255859
3073,1024,solve,3956.736084
3073,1024,solve,4488.191895
3073,1024,solve,2582.528076
3073,1024,solve,4078.591797
3073,1024,solve,2780.159912
3073,1024,solve,6651.711914
3073,1024,solve,4803.680176
3073,1024,solve,4505.600098
3073,1024,solve,3100.672119
3073,1024,solve,4594.687988
3073,1024,solve,3202.048096
3073,1024,solve,2979.840088
3073,1024,solve,4678.656250
3073,1024,solve,3010.560059
3073,1024,solve,4694.016113
3073,1024,solve,2959.359863
3073,1024,solve,4679.679688
3073,1024,solve,2875.391846
3073,1024,solve,5083.167969
3073,1024,solve,2958.336182
3073,1024,solve,3070.976074
3073,1024,solve,5116.928223
3073,1024,solve,3143.680176
3073,1024,solve,3121.216064
3073,1024,solve,4849.664062
3073,1024,solve,3070.976074
3073,1024,solve,4967.423828
3073,1024,solve,3109.888184
3073,1024,solve,4962.304199
3073,1024,solve,4907.008301
3073,1024,solve,4814.848145
3073,1024,solve,4588.640137
3073,1024,solve,4690.944336
3073,1024,solve,2558.975830
3073,1024,solve,4402.175781
3073,1024,solve,4409.472168
3073,1024,solve,2615.295898
3073,1024,solve,4409.344238
3073,1024,solve,2374.656006
3073,1024,solve,4249.600098
3073,1024,solve,4429.823730
3073,1024,solve,4537.183594
3073,1024,solve,4512.767578
3073,1024,solve,2528.255859
3073,1024,solve,4347.808105
3073,1024,solve,2589.696045
3073,1024,solve,4312.959961
3073,1024,solve,4387.839844
3073,1024,solve,4496.384277
3073,1024,solve,4560.832031
3073,1024,solve,2641.920166
3073,1024,solve,4353.023926
3073,1024,solve,4436.992188
3073,1024,solve,4505.600098
3073,1024,solve,4529.056152
3073,1024,solve,4489.215820
3073,1024,solve,4435.071777
3073,1024,solve,4484.096191
3073,1024,solve,4373.504395
3073,1024,solve,4444.160156
3073,1024,solve,4076.543701
3073,1024,solve,2488.320068
3073,1024,solve,4002.816162
3073,1024,solve,4054.016113
3073,1024,solve,4082.687744
3073,1024,solve,2488.320068
3073,1024,solve,3941.375977
3073,1024,solve,4103.136230
3073,1024,solve,4082.687744
3073,1024,solve,4044.799805
3073,1024,solve,2542.560059
3073,1024,solve,4005.887939
3073,1024,solve,2526.208008
3073,1024,solve,4001.791992
3073,1024,solve,4070.400146
3073,1024,solve,4176.928223
3073,1024,solve,2531.327881
3073,1024,solve,2452.479980
3073,1024,solve,3969.023926
3073,1024,solve,2654.208008
3073,1024,solve,6455.200195
3073,1024,solve,4741.184082
3073,1024,solve,4783.104004
3073,1024,solve,4430.848145
3073,1024,solve,2758.656006
3073,1024,solve,2616.319824
3073,1024,solve,4300.799805
3073,1024,solve,2585.599854
3073,1024,solve,2518.016113
3073,1024,solve,4001.791992
3073,1024,solve,4017.151855
3073,1024,solve,2467.839844
3073,1024,solve,2285.568115
3073,1024,solve,3833.791992
3073,1024,solve,2312.128174
3073,1024,solve,3966.975830
3073,1024,solve,2374.656006
3073,1024,solve,2227.199951
3073,1024,solve,2319.360107
3073,1024,solve,4372.479980
3073,1024,solve,6475.776367
3073,1024,solve,4725.823730
3073,1024,solve,4639.552246
3073,1024,solve,4500.479980
3073,1024,solve,2658.303955
3073,1024,solve,4142.079590
3073,1024,solve,4346.879883
3073,1024,solve,4024.352051
3073,1024,solve,2570.239990
3073,1024,solve,4045.823975
3073,1024,solve,2468.864014
3073,1024,solve,4136.959961
3073,1024,solve,2485.248047
3073,1024,solve,3889.152100
3073,1024,solve,2502.656006
3073,1024,solve,4017.087891
3073,1024,solve,4061.183838
3073,1024,solve,4074.495850
3073,1024,solve,4111.359863
3073,1024,solve,4121.600098
3073,1024,solve,2488.320068
3073,1024,solve,4059.135986
3073,1024,solve,4189.184082
3073,1024,solve,4126.560059
3073,1024,solve,4048.031738
3073,1024,solve,3981.312012
3073,1024,solve,4194.304199
3073,1024,solve,4033.535889
3073,1024,solve,4325.375977
3073,1024,solve,4020.224121
3073,1024,solve,2548.736084
3073,1024,solve,4042.751709
3073,1024,solve,3868.671875
3073,1024,solve,3976.288086
3073,1024,solve,3948.543945
3073,1024,solve,4261.888184
3073,1024,solve,4332.543945
3073,1024,solve,5900.288086
3073,1024,solve,3441.664062
3073,1024,solve,5014.527832
3073,1024,solve,4830.208008
3073,1024,solve,4636.671875
3073,1024,solve,4667.391602
3073,1024,solve,4616.191895
3073,1024,solve,4842.496094
3073,1024,solve,3001.343994
3073,1024,solve,2907.135986
3073,1024,solve,4656.992188
3073,1024,solve,4541.439941
3073,1024,solve,4580.448242
3073,1024,solve,4549.631836
3073,1024,solve,4633.600098
3073,1024,solve,2947.072021
3073,1024,solve,4700.160156
3073,1024,solve,4842.496094
3073,1024,solve,3105.791992
3073,1024,solve,2869.247803
3073,1024,solve,4860.928223
3073,1024,solve,2976.768066
3073,1024,solve,4987.775879
3073,1024,solve,4869.120117
3073,1024,solve,4744.191895
3073,1024,solve,4903.839844
3073,1024,solve,2981.791992
3073,1024,solve,4774.912109
3073,1024,solve,5001.215820
3073,1024,solve,4937.728027
3073,1024,solve,3708.928223
3073,1024,solve,4870.144043
3073,1024,solve,2897.791992
3073,1024,solve,4938.751953
3073,1024,solve,4754.432129
3073,1024,solve,2912.224121
3073,1024,solve,4579.328125
3073,1024,solve,4668.479980
3073,1024,solve,4493.312012
3073,1024,solve,2655.231934
3073,1024,solve,4400.127930
3073,1024,solve,4388.864258
3073,1024,solve,4456.352051
3073,1024,solve,4500.479980
3073,1024,solve,4435.967773
3073,1024,solve,4485.119629
3073,1024,solve,4426.751953
3073,1024,solve,4628.479980
3073,1024,solve,4921.503906
3073,1024,solve,6547.455566
3073,1024,solve,4591.647949
3073,1024,solve,4242.432129
3073,1024,solve,6906.976074
3073,1024,solve,7716.864258
3073,1024,solve,4788.224121
3073,1024,solve,4471.808105
3073,1024,solve,4541.439941
3073,1024,solve,5362.720215
3073,1024,solve,3980.288086
3073,1024,solve,4284.416016
3073,1024,solve,4339.711914
3073,1024,solve,4410.368164
3073,1024,solve,4427.775879
3073,1024,solve,6376.448242
3073,1024,solve,4281.343750
3073,1024,solve,4150.271973
3073,1024,solve,2624.511963
3073,1024,solve,4328.447754
3073,1024,solve,4124.479980
3073,1024,solve,4179.967773
3073,1024,solve,4287.583984
3073,1024,solve,4061.183838
3073,1024,solve,3038.208008
3073,1024,solve,14873.599609
3073,1024,solve,4723.711914
3073,1024,solve,4666.368164
3073,1024,solve,4661.248047
3073,1024,solve,4483.071777
3073,1024,solve,4580.255859
3073,1024,solve,4712.448242
3073,1024,solve,4474.656250
3073,1024,solve,4573.184082
3073,1024,solve,4506.624023
3073,1024,solve,3351.552002
3073,1024,solve,4747.263672
3073,1024,solve,5772.191895
3073,1024,solve,3435.520020
3073,1024,solve,6543.295898
3073,1024,solve,5512.191895
3073,1024,solve,5273.600098
3073,1024,solve,5046.208008
3073,1024,solve,3356.672119
3073,1024,solve,5344.255859
3073,1024,solve,3649.439941
3073,1024,solve,5087.231934
3073,1024,solve,3461.119873
3073,1024,solve,6833.151855
3073,1024,solve,5022.719727
3073,1024,solve,3561.599854
3073,1024,solve,5529.600098
3073,1024,solve,5429.279785
3073,1024,solve,4925.312012
3073,1024,solve,3833.856201
3073,1024,solve,10061.824219
3073,1024,solve,3287.040039
3073,1024,solve,5123.072266
3073,1024,solve,4845.568359
3073,1024,solve,3576.832031
3073,1024,solve,6108.160156
3073,1024,solve,5461.088379
3073,1024,solve,5721.087891
3073,1024,solve,6040.576172
3073,1024,solve,4704.255859
3073,1024,solve,3418.112061
3073,1024,solve,5391.359863
3073,1024,solve,5278.719727
3073,1024,solve,5329.823730
3073,1024,solve,3812.320068
3073,1024,solve,4987.904297
3073,1024,solve,6530.144043
3073,1024,solve,6100.992188
3073,1024,solve,3588.095947
3073,1024,solve,4885.503906
3073,1024,solve,3587.071777
3073,1024,solve,6203.392090
3073,1024,solve,4440.063965
3073,1024,solve,5097.407715
3073,1024,solve,5731.423828
3073,1024,solve,4637.664062
3073,1024,solve,5341.279785
3073,1024,solve,3543.040039
3073,1024,solve,3456.927979
3073,1024,solve,5051.520020
3073,1024,solve,3559.231934
3073,1024,solve,5125.120117
3073,1024,solve,8751.167969
3073,1024,solve,5813.248047
3073,1024,solve,6387.807617
3073,1024,solve,4701.248047
3073,1024,solve,3348.479980
3073,1024,solve,5286.912109
3073,1024,solve,5146.687988
3073,1024,solve,5754.943848
3073,1024,solve,3275.775879
3073,1024,solve,5227.295898
3073,1024,solve,3560.447998
3073,1024,solve,5249.023926
3073,1024,solve,5360.640137
3073,1024,solve,5372.928223
3073,1024,solve,3513.343994
3073,1024,solve,5064.704102
3073,1024,solve,5528.575684
3073,1024,solve,11131.903320
3073,1024,solve,4120.384277
3073,1024,solve,3735.552002
3073,1024,solve,5370.783691
3073,1024,solve,3447.808105
3073,1024,solve,5553.151855
3073,1024,solve,3789.823975
3073,1024,solve,2998.303955
3073,1024,solve,5482.528320
3073,1024,solve,8268.799805
3073,1024,solve,3580.959961
3073,1024,solve,3367.935791
3073,1024,solve,5613.567871
3073,1024,solve,3519.711914
3073,1024,solve,3378.335938
3073,1024,solve,3391.488037
3073,1024,solve,5939.199707
3073,1024,solve,6041.503906
3073,1024,solve,4335.647949
3073,1024,solve,5967.872070
3073,1024,solve,3504.287842
3073,1024,solve,5392.384277
3073,1024,solve,5762.047852
3073,1024,solve,3631.072021
3073,1024,solve,5408.607910
3073,1024,solve,3497.983887
3073,1024,solve,9236.479492
3073,1024,solve,4103.263672
3073,1024,solve,4007.936035
3073,1024,solve,3598.367920
3073,1024,solve,5653.600098
3073,1024,solve,3888.096191
3073,1024,solve,3405.823975
3073,1024,solve,3594.239990
3073,1024,solve,5315.583984
3073,1024,solve,5520.383789
3073,1024,solve,6164.447754
3073,1024,solve,6051.904297
3073,1024,solve,5839.872070
3073,1024,solve,5315.583984
3073,1024,solve,5571.744141
3073,1024,solve,5650.560059
3073,1024,solve,5382.144043
3073,1024,solve,5595.200195
3073,1024,solve,3615.744141
3073,1024,solve,3467.263916
3073,1024,solve,3478.528076
3073,1024,solve,3445.760010
3073,1024,solve,3671.040039
3073,1024,solve,5764.095703
3073,1024,solve,3818.464111
3073,1024,solve,5693.568359
3073,1024,solve,3834.880127
3073,1024,solve,5678.080078
3073,1024,solve,5640.191895
3073,1024,solve,3688.447998
3073,1024,solve,5680.127930
3073,1024,solve,5748.735840
3073,1024,solve,3165.184082
3073,1024,solve,5455.872070
3073,1024,solve,3447.808105
3073,1024,solve,5533.696289
3073,1024,solve,5728.256348
3073,1024,solve,5310.463867
3073,1024,solve,5270.527832
3073,1024,solve,5337.184082
3073,1024,solve,3865.439941
3073,1024,solve,5346.303711
3073,1024,solve,3823.615967
3073,1024,solve,5272.575684
3073,1024,solve,3144.704102
3073,1024,solve,4712.448242
3073,1024,solve,4562.943848
3073,1024,solve,4454.399902
3073,1024,solve,4296.703613
3073,1024,solve,4039.711914
3073,1024,solve,4481.023926
3073,1024,solve,4496.384277
3073,1024,solve,4319.231934
3073,1024,solve,4142.079590
3073,1024,solve,4435.967773
3073,1024,solve,4369.248047
3073,1024,solve,4466.687988
3073,1024,solve,4426.624023
3073,1024,solve,4523.007812
3073,1024,solve,4916.224121
3073,1024,solve,4948.991699
3073,1024,solve,4856.832031
3073,1024,solve,4654.080078
3073,1024,solve,4595.712402
3073,1024,solve,3091.456055
3073,1024,solve,4662.271973
3073,1024,solve,4627.456055
3073,1024,solve,3061.760010
3073,1024,solve,4679.679688
3073,1024,solve,3123.199951
3073,1024,solve,2838.560059
3073,1024,solve,4462.592285
3073,1024,solve,2745.343994
3073,1024,solve,4451.327637
3073,1024,solve,2879.488037
3073,1024,solve,2722.879883
3073,1024,solve,4384.895996
3073,1024,solve,4446.208008
3073,1024,solve,2851.840088
3073,1024,solve,4416.416016
3073,1024,solve,2789.375977
3073,1024,solve,4436.096191
3073,1024,solve,4508.768066
3073,1024,solve,4504.576172
3073,1024,solve,4385.791992
3073,1024,solve,4455.423828
3073,1024,solve,2851.840088
3073,1024,solve,4442.111816
3073,1024,solve,4429.855957
3073,1024,solve,2894.848145
3073,1024,solve,2658.303955
3073,1024,solve,4492.288086
3073,1024,solve,4727.839844
3073,1024,solve,2739.200195
3073,1024,solve,4252.672363
3073,1024,solve,4161.536133
3073,1024,solve,2579.456055
3073,1024,solve,4121.439941
3073,1024,solve,2557.951904
3073,1024,solve,2402.303955
3073,1024,solve,2392.064209
3073,1024,solve,3990.528076
3073,1024,solve,4129.791992
3073,1024,solve,4553.664062
3073,1024,solve,2719.743896
3073,1024,solve,4185.088379
3073,1024,solve,4263.936035
3073,1024,solve,2468.864014
3073,1024,solve,2521.087891
3073,1024,solve,3989.504150
3073,1024,solve,2613.248047
3073,1024,solve,4116.479980
3073,1024,solve,4492.288086
3073,1024,solve,4241.407715
3073,1024,solve,2686.976074
3073,1024,solve,4244.479980
3073,1024,solve,4243.456055
3073,1024,solve,4497.407715
3073,1024,solve,2666.496094
3073,1024,solve,4212.736328
3073,1024,solve,4485.216309
3073,1024,solve,4437.023926
3073,1024,solve,4451.424316
3073,1024,solve,4441.055664
3073,1024,solve,4516.863770
3073,1024,solve,4446.208008
3073,1024,solve,4823.040039
3073,1024,solve,4691.936035
3073,1024,solve,4592.640137
3073,1024,solve,4574.208008
3073,1024,solve,2610.176025
3073,1024,solve,4343.808105
3073,1024,solve,4474.880371
3073,1024,solve,4510.719727
3073,1024,solve,4518.015625
3073,1024,solve,2651.135986
3073,1024,solve,2395.136230
3073,1024,solve,2196.479980
3073,1024,solve,2042.880005
3073,1024,solve,1878.015991
3073,1024,solve,2028.640015
3073,1024,solve,4001.791992
3073,1024,solve,2536.447998
3073,1024,solve,4467.711914
3073,1024,solve,4552.512207
3073,1024,solve,4523.007812
3073,1024,solve,2605.056152
3073,1024,solve,2540.543945
3073,1024,solve,4452.352051
3073,1024,solve,6627.328125
3073,1024,solve,5667.839844
3073,1024,solve,5051.392090
3073,1024,solve,4846.591797
3073,1024,solve,2861.056152
3073,1024,solve,4605.951660
3073,1024,solve,4416.479980
3073,1024,solve,2548.800049
3073,1024,solve,4424.704102
3073,1024,solve,4617.216309
3073,1024,solve,4542.463867
3073,1024,solve,4532.224121
3073,1024,solve,2703.360107
3073,1024,solve,4487.167969
3073,1024,solve,4513.791992
3073,1024,solve,4755.456055
3073,1024,solve,4865.023926
3073,1024,solve,3007.488037
3073,1024,solve,4898.815918
3073,1024,solve,2919.488037
3073,1024,solve,4773.023926
3073,1024,solve,4801.536133
3073,1024,solve,4911.104004
3073,1024,solve,4898.815918
3073,1024,solve,2827.264160
3073,1024,solve,2914.303955
3073,1024,solve,4698.111816
3073,1024,solve,2924.544189
3073,1024,solve,3018.847900
3073,1024,solve,4560.895996
3073,1024,solve,4532.319824
3073,1024,solve,4499.456055
3073,1024,solve,4502.528320
3073,1024,solve,4553.664062
3073,1024,solve,4342.783691
3073,1024,solve,2813.951904
3073,1024,solve,2371.583984
3073,1024,solve,4001.791992
3073,1024,solve,4038.656250
3073,1024,solve,4074.495850
3073,1024,solve,2446.399902
3073,1024,solve,2358.271973
3073,1024,solve,2243.583984
3073,1024,solve,1983.647949
3073,1024,solve,3551.232178
3073,1024,solve,4000.768066
3073,1024,solve,2592.768066
3073,1024,solve,2377.728027
3073,1024,solve,2199.615967
3073,1024,solve,3691.520020
3073,1024,solve,2651.135986
3073,1024,solve,2466.847900
3073,1024,solve,3834.880127
3073,1024,solve,2492.416016
3073,1024,solve,3974.144043
3073,1024,solve,2324.479980
3073,1024,solve,3974.144043
3073,1024,solve,2476.031982
3073,1024,solve,3885.055908
3073,1024,solve,2511.712158
3073,1024,solve,3985.439941
3073,1024,solve,2488.320068
3073,1024,solve,2371.679932
3073,1024,solve,3871.840088
3073,1024,solve,2396.159912
3073,1024,solve,2273.279785
3073,1024,solve,2020.351929
3073,1024,solve,3560.447998
3073,1024,solve,2057.215820
3073,1024,solve,2430.975830
3073,1024,solve,2326.528076
3073,1024,solve,2154.303955
3073,1024,solve,2006.015991
3073,1024,solve,3610.624023
3073,1024,solve,4184.063965
3073,1024,solve,4149.280273
3073,1024,solve,2566.144043
3073,1024,solve,4054.016113
3073,1024,solve,2341.887939
3073,1024,solve,3997.695801
3073,1024,solve,2584.575928
3073,1024,solve,2592.768066
3073,1024,solve,4071.392090
3073,1024,solve,2392.064209
3073,1024,solve,4096.000000
3073,1024,solve,4123.647949
3073,1024,solve,4073.535889
3073,1024,solve,2905.055908
3073,1024,solve,4852.768066
3073,1024,solve,4747.200195
3073,1024,solve,5423.104004
3073,1024,solve,2792.447998
3073,1024,solve,4391.936035
3073,1024,solve,4400.127930
3073,1024,solve,2819.040039
3073,1024,solve,4216.832031
3073,1024,solve,2342.911865
3073,1024,solve,3938.208008
3073,1024,solve,4191.232422
3073,1024,solve,4307.968262
3073,1024,solve,4082.687744
3073,1024,solve,2581.568115
3073,1024,solve,4146.175781
3073,1024,solve,2483.200195
3073,1024,solve,3924.992188
3073,1024,solve,4112.383789
3073,1024,solve,2575.360107
3073,1024,solve,2650.111816
3073,1024,solve,6435.840332
3073,1024,solve,4848.640137
3073,1024,solve,3648.511963
3073,1024,solve,3491.807861
3073,1024,solve,2952.192139
3073,1024,solve,3057.728027
3073,1024,solve,4589.568359
3073,1024,solve,3944.447998
3073,1024,solve,3361.791992
3073,1024,solve,5161.983887
3073,1024,solve,3545.183838
3073,1024,solve,5020.671875
3073,1024,solve,3369.983887
3073,1024,solve,3451.904053
3073,1024,solve,5003.295898
3073,1024,solve,3475.359863
3073,1024,solve,3485.696045
3073,1024,solve,3344.255859
3073,1024,solve,3234.816162
3073,1024,solve,3226.624023
3073,1024,solve,4823.040039
3073,1024,solve,3290.208008
3073,1024,solve,4932.607910
3073,1024,solve,3133.439941
3073,1024,solve,4815.872070
3073,1024,solve,3436.640137
3073,1024,solve,2999.295898
3073,1024,solve,4605.919922
3073,1024,solve,2743.295898
3073,1024,solve,4297.728027
3073,1024,solve,4288.512207
3073,1024,solve,2648.063965
3073,1024,solve,2640.895996
3073,1024,solve,4072.447754
3073,1024,solve,2600.959961
3073,1024,solve,4197.375977
3073,1024,solve,3380.255859
3073,1024,solve,4130.911621
3073,1024,solve,4236.288086
3073,1024,solve,2563.072021
3073,1024,solve,2926.624023
3073,1024,solve,4978.655762
3073,1024,solve,5103.616211
3073,1024,solve,4885.503906
3073,1024,solve,3233.791992
3073,1024,solve,4595.712402
3073,1024,solve,3301.376221
3073,1024,solve,3176.447998
3073,1024,solve,3269.567871
3073,1024,solve,4848.640137
3073,1024,solve,3232.768066
3073,1024,solve,4730.912109
3073,1024,solve,3149.823975
3073,1024,solve,3348.479980
3073,1024,solve,3314.687988
3073,1024,solve,4887.551758
3073,1024,solve,4892.671875
3073,1024,solve,3166.208008
3073,1024,solve,4935.616211
3073,1024,solve,3274.751953
3073,1024,solve,3293.184082
3073,1024,solve,3174.400146
3073,1024,solve,2987.008057
3073,1024,solve,2785.280029
3073,1024,solve,2959.359863
3073,1024,solve,2963.455811
3073,1024,solve,2970.624023
3073,1024,solve,4937.535645
3073,1024,solve,3053.567871
3073,1024,solve,2928.639893
3073,1024,solve,4554.751953
3073,1024,solve,2820.095947
3073,1024,solve,4724.736328
3073,1024,solve,4911.071777
3073,1024,solve,2925.440186
3073,1024,solve,3129.343994
3073,1024,solve,5173.248047
3073,1024,solve,3176.416016
3073,1024,solve,3092.479980
3073,1024,solve,5007.359863
3073,1024,solve,2998.271973
3073,1024,solve,2817.023926
3073,1024,solve,2371.583984
3073,1024,solve,4374.527832
3073,1024,solve,2565.119873
3073,1024,solve,4383.743652
3073,1024,solve,2547.712158
3073,1024,solve,4289.536133
3073,1024,solve,2526.208008
3073,1024,solve,2437.119873
3073,1024,solve,2093.055908
3073,1024,solve,3955.712158
3073,1024,solve,2513.920166
3073,1024,solve,2613.248047
3073,1024,solve,4272.127930
3073,1024,solve,2549.760010
3073,1024,solve,4397.120117
3073,1024,solve,2512.895996
3073,1024,solve,2366.431885
3073,1024,solve,4225.024414
3073,1024,solve,4436.992188
3073,1024,solve,2604.031982
3073,1024,solve,2422.784180
3073,1024,solve,4049.920166
3073,1024,solve,4457.471680
3073,1024,solve,2935.807861
3073,1024,solve,6815.647949
3073,1024,solve,4898.815918
3073,1024,solve,3183.615967
3073,1024,solve,4966.432129
3073,1024,solve,4912.127930
3073,1024,solve,2876.416016
3073,1024,solve,4604.928223
3073,1024,solve,2713.599854
3073,1024,solve,2505.728027
3073,1024,solve,2377.760010
3073,1024,solve,2291.712158
3073,1024,solve,1913.856079
3073,1024,solve,2508.864014
3073,1024,solve,4392.063965
3073,1024,solve,2385.920166
3073,1024,solve,4288.512207
3073,1024,solve,2556.927979
3073,1024,solve,2231.296143
3073,1024,solve,4171.775879
3073,1024,solve,2524.159912
3073,1024,solve,2397.183838
3073,1024,solve,4302.847656
3073,1024,solve,4434.944336
3073,1024,solve,4438.016113
3073,1024,solve,2480.159912
3073,1024,solve,2354.176025
3073,1024,solve,2266.239990
3073,1024,solve,3933.183838
3073,1024,solve,2342.911865
3073,1024,solve,3990.400146
3073,1024,solve,2600.000000
3073,1024,solve,4400.127930
3073,1024,solve,2574.431885
3073,1024,solve,2509.823975
3073,1024,solve,2424.864014
3073,1024,solve,2337.791992
3073,1024,solve,2233.343994
3073,1024,solve,4035.583984
3073,1024,solve,2745.343994
3073,1024,solve,4332.543945
3073,1024,solve,4553.728027
3073,1024,solve,2728.959961
3073,1024,solve,4442.111816
3073,1024,solve,2591.648193
3073,1024,solve,2546.687988
3073,1024,solve,4038.656250
3073,1024,solve,3929.088135
3073,1024,solve,2572.288086
3073,1024,solve,2424.832031
3073,1024,solve,3917.823975
3073,1024,solve,2519.040039
3073,1024,solve,3951.615967
3073,1024,solve,2513.024170
3073,1024,solve,3921.983887
3073,1024,solve,2094.080078
3073,1024,solve,4111.359863
3073,1024,solve,4007.936035
3073,1024,solve,2586.624023
3073,1024,solve,2447.360107
3073,1024,solve,2319.360107
3073,1024,solve,2121.760010
3073,1024,solve,3537.919922
3073,1024,solve,2546.687988
3073,1024,solve,2537.471924
3073,1024,solve,2733.056152
3073,1024,solve,4161.536133
3073,1024,solve,5811.200195
3073,1024,solve,3927.040039
3073,1024,solve,2926.592041
3073,1024,solve,2936.959961
3073,1024,solve,4376.576172
3073,1024,solve,2396.287842
3073,1024,solve,2383.872070
3073,1024,solve,3821.568115
3073,1024,solve,2326.528076
3073,1024,solve,2446.335938
3073,1024,solve,2443.167969
3073,1024,solve,2245.631836
3073,1024,solve,3602.432129
3073,1024,solve,2447.360107
3073,1024,solve,2477.055908
3073,1024,solve,4023.424072
3073,1024,solve,3981.312012
3073,1024,solve,2663.424072
3073,1024,solve,6551.551758
3073,1024,solve,4751.359863
3073,1024,solve,4772.863770
3073,1024,solve,2733.056152
3073,1024,solve,2985.984131
3073,1024,solve,4294.655762
3073,1024,solve,2782.208008
3073,1024,solve,2666.496094
3073,1024,solve,2448.384033
3073,1024,solve,2450.432129
3073,1024,solve,2530.303955
3073,1024,solve,3829.760010
3073,1024,solve,2388.992188
3073,1024,solve,3938.463867
3073,1024,solve,2642.944092
3073,1024,solve,2521.984131
3073,1024,solve,4049.920166
3073,1024,solve,2540.543945
3073,1024,solve,2459.680176
3073,1024,solve,2417.664062
3073,1024,solve,2271.231934
3073,1024,solve,2149.375977
3073,1024,solve,1982.463989
3073,1024,solve,2027.424072
3073,1024,solve,2246.719971
3073,1024,solve,5442.560059
3073,1024,solve,4919.295898
3073,1024,solve,3385.343994
3073,1024,solve,3328.000000
3073,1024,solve,4803.583984
3073,1024,solve,3217.407959
3073,1024,solve,3134.464111
3073,1024,solve,4465.664062
3073,1024,solve,2926.559814
3073,1024,solve,3075.072021
3073,1024,solve,3154.975830
3073,1024,solve,3053.567871
3073,1024,solve,3225.600098
3073,1024,solve,4737.152344
3073,1024,solve,3234.816162
3073,1024,solve,3159.040039
3073,1024,solve,2798.624023
3073,1024,solve,2785.280029
3073,1024,solve,4328.447754
3073,1024,solve,2471.936035
3073,1024,solve,2513.920166
3073,1024,solve,2412.543945
3073,1024,solve,2409.471924
3073,1024,solve,3983.360107
3073,1024,solve,2397.183838
3073,1024,solve,2324.511963
3073,1024,solve,2130.944092
3073,1024,solve,2379.839844
3073,1024,solve,3977.216064
3073,1024,solve,6287.360352
3073,1024,solve,3512.320068
3073,1024,solve,3233.791992
3073,1024,solve,2876.416016
3073,1024,solve,4331.520020
3073,1024,solve,2816.000000
3073,1024,solve,2667.520020
3073,1024,solve,4200.448242
3073,1024,solve,2540.543945
3073,1024,solve,2952.192139
3073,1024,solve,4548.607910
3073,1024,solve,6562.976074
3073,1024,solve,3152.959961
3073,1024,solve,3141.535889
3073,1024,solve,3293.184082
3073,1024,solve,4427.904297
3073,1024,solve,2911.231934
3073,1024,solve,2494.463867
3073,1024,solve,2576.384033
3073,1024,solve,2518.112061
3073,1024,solve,2052.159912
3073,1024,solve,2212.864014
3073,1024,solve,2291.872070
3073,1024,solve,2652.159912
3073,1024,solve,4648.959961
3073,1024,solve,6230.080078
3073,1024,solve,3191.936035
3073,1024,solve,3135.488037
3073,1024,solve,2686.976074
3073,1024,solve,2861.056152
3073,1024,solve,2968.575928
3073,1024,solve,2420.736084
3073,1024,solve,4085.760010
3073,1024,solve,2501.632080
3073,1024,solve,2347.071777
3073,1024,solve,2178.047852
3073,1024,solve,2297.696045
3073,1024,solve,2534.399902
3073,1024,solve,6221.824219
3073,1024,solve,4744.191895
3073,1024,solve,3063.872070
3073,1024,solve,2859.936035
3073,1024,solve,2814.976074
3073,1024,solve,2664.511963
3073,1024,solve,2829.279785
3073,1024,solve,2576.447998
3073,1024,solve,2786.432129
3073,1024,solve,2469.984131
3073,1024,solve,3927.040039
3073,1024,solve,2252.800049
3073,1024,solve,2249.728027
3073,1024,solve,2145.279785
3073,1024,solve,1998.847900
3073,1024,solve,2016.256104
3073,1024,solve,2001.920044
3073,1024,solve,2016.256104
3073,1024,solve,2421.760010
3073,1024,solve,4781.056152
3073,1024,solve,4718.592285
3073,1024,solve,3232.768066
3073,1024,solve,2711.552002
3073,1024,solve,2804.735840
3073,1024,solve,2688.095947
3073,1024,solve,2632.704102
3073,1024,solve,2418.687988
3073,1024,solve,2414.592041
3073,1024,solve,2464.767822
3073,1024,solve,2253.823975
3073,1024,solve,3758.080078
3073,1024,solve,2296.832031
3073,1024,solve,2127.904053
3073,1024,solve,2024.447876
3073,1024,solve,2100.192139
3073,1024,solve,3707.904053
3073,1024,solve,2223.104004
3073,1024,solve,2265.088135
3073,1024,solve,2383.872070
3073,1024,solve,2161.664062
3073,1024,solve,2108.416016
3073,1024,solve,2428.927979
3073,1024,solve,5642.240234
3073,1024,solve,4601.856445
3073,1024,solve,3486.719971
3073,1024,solve,3168.256104
3073,1024,solve,3092.384033
3073,1024,solve,2761.663818
3073,1024,solve,2770.944092
3073,1024,solve,4368.383789
3073,1024,solve,2518.016113
3073,1024,solve,2485.248047
3073,1024,solve,2543.615967
3073,1024,solve,2378.751953
3073,1024,solve,2275.327881
3073,1024,solve,2147.327881
3073,1024,solve,2164.736084
3073,1024,solve,3581.952148
3073,1024,solve,2214.943848
3073,1024,solve,2288.640137
3073,1024,solve,2250.751953
3073,1024,solve,2130.944092
3073,1024,solve,2105.343994
3073,1024,solve,2438.144043
3073,1024,solve,4264.095703
3073,1024,solve,4922.368164
3073,1024,solve,3733.504150
3073,1024,solve,3089.407959
3073,1024,solve,2606.080078
3073,1024,solve,2866.175781
3073,1024,solve,2708.479980
3073,1024,solve,2588.671875
3073,1024,solve,2728.959961
3073,1024,solve,2381.920166
3073,1024,solve,3915.776123
3073,1024,solve,2327.552002
3073,1024,solve,2281.471924
3073,1024,solve,2340.864014
3073,1024,solve,6035.456055
3073,1024,solve,6022.144043
3073,1024,solve,3036.159912
3073,1024,solve,2826.239990
3073,1024,solve,2875.391846
3073,1024,solve,4433.919922
3073,1024,solve,2535.424072
3073,1024,solve,2644.992188
3073,1024,solve,2550.784180
3073,1024,solve,2340.864014
3073,1024,solve,2532.352051
3073,1024,solve,4396.031738
3073,1024,solve,6239.136230
3073,1024,solve,2904.063965
3073,1024,solve,2756.607910
3073,1024,solve,2886.656006
3073,1024,solve,2498.656006
3073,1024,solve,2609.280029
3073,1024,solve,2446.335938
3073,1024,solve,2388.096191
3073,1024,solve,2205.696045
3073,1024,solve,4054.016113
3073,1024,solve,2209.791992
3073,1024,solve,2157.599854
3073,1024,solve,2247.679932
3073,1024,solve,2088.959961
3073,1024,solve,2086.911865
3073,1024,solve,2065.439941
3073,1024,solve,1863.680054
3073,1024,solve,2015.104004
3073,1024,solve,1997.887939
3073,1024,solve,2022.399902
3073,1024,solve,2032.640015
3073,1024,solve,2026.495972
3073,1024,solve,3613.696045
3073,1024,solve,2021.375854
3073,1024,solve,2326.528076
3073,1024,solve,2270.144043
3073,1024,solve,2105.343994
3073,1024,solve,2035.712036
3073,1024,solve,1885.151978
3073,1024,solve,2437.151855
3073,1024,solve,3951.615967
3073,1024,solve,4757.631836
3073,1024,solve,5299.200195
3073,1024,solve,3054.591797
3073,1024,solve,2954.239990
3073,1024,solve,2723.840088
3073,1024,solve,2788.352051
3073,1024,solve,2574.335938
3073,1024,solve,4254.720215
3073,1024,solve,2614.272217
3073,1024,solve,2353.247803
3073,1024,solve,2370.559814
3073,1024,solve,2307.072021
3073,1024,solve,2185.216064
3073,1024,solve,2443.263916
3073,1024,solve,6003.712402
3073,1024,solve,4826.080078
3073,1024,solve,2873.343994
3073,1024,solve,2760.704102
3073,1024,solve,2891.776123
3073,1024,solve,2755.583984
3073,1024,solve,2558.975830
3073,1024,solve,2466.912109
3073,1024,solve,3931.167969
3073,1024,solve,2287.615967
3073,1024,solve,2251.775879
3073,1024,solve,2349.055908
3073,1024,solve,2197.439941
3073,1024,solve,2084.895996
3073,1024,solve,2122.751953
3073,1024,solve,2111.392090
3073,1024,solve,3731.328125
3073,1024,solve,2166.783936
3073,1024,solve,2281.471924
3073,1024,solve,2303.872070
3073,1024,solve,2168.832031
3073,1024,solve,2085.887939
3073,1024,solve,2421.760010
3073,1024,solve,4816.864258
3073,1024,solve,4712.448242
3073,1024,solve,3910.720215
3073,1024,solve,3024.032227
3073,1024,solve,2980.895996
3073,1024,solve,2925.568115
3073,1024,solve,4410.368164
3073,1024,solve,2626.560059
3073,1024,solve,2551.840088
3073,1024,solve,2409.471924
3073,1024,solve,2608.191895
3073,1024,solve,3964.832031
3073,1024,solve,2379.775879
3073,1024,solve,2462.719971
3073,1024,solve,2363.392090
3073,1024,solve,2371.583984
3073,1024,solve,2171.904053
3073,1024,solve,2148.351807
3073,1024,solve,3712.000000
3073,1024,solve,2334.752197
3073,1024,solve,2296.832031
3073,1024,solve,2275.167969
3073,1024,solve,2226.176025
3073,1024,solve,2108.479980
3073,1024,solve,2102.239990
3073,1024,solve,2117.631836
3073,1024,solve,4051.008301
3073,1024,solve,2315.263916
3073,1024,solve,2297.856201
3073,1024,solve,2295.808105
3073,1024,solve,2058.111816
3073,1024,solve,2041.856079
3073,1024,solve,2139.135986
3073,1024,solve,2103.296143
3073,1024,solve,2461.695801
3073,1024,solve,4549.695801
3073,1024,solve,4964.352051
3073,1024,solve,5243.904297
3073,1024,solve,3180.543945
3073,1024,solve,3224.575928
3073,1024,solve,3063.807861
3073,1024,solve,3160.063965
3073,1024,solve,2945.023926
3073,1024,solve,3192.832031
3073,1024,solve,2955.264160
3073,1024,solve,4432.895996
3073,1024,solve,2906.112061
3073,1024,solve,2510.848145
3073,1024,solve,2379.775879
3073,1024,solve,2201.600098
3073,1024,solve,2035.615967
3073,1024,solve,2241.535889
3073,1024,solve,2388.992188
3073,1024,solve,2374.656006
3073,1024,solve,3901.439941
3073,1024,solve,2296.832031
3073,1024,solve,2254.847900
3073,1024,solve,2096.127930
3073,1024,solve,2074.592041
3073,1024,solve,2079.744141
3073,1024,solve,2089.983887
3073,1024,solve,1966.079956
3073,1024,solve,1948.671997
3073,1024,solve,2091.008057
3073,1024,solve,2079.744141
3073,1024,solve,2168.832031
3073,1024,solve,2099.199951
3073,1024,solve,2122.751953
3073,1024,solve,2422.784180
3073,1024,solve,4291.583984
3073,1024,solve,4753.407715
3073,1024,solve,4001.791992
3073,1024,solve,3151.871826
3073,1024,solve,3119.104004
3073,1024,solve,2876.447998
3073,1024,solve,4410.208008
3073,1024,solve,2588.671875
3073,1024,solve,2370.559814
3073,1024,solve,2426.944092
3073,1024,solve,2231.296143
3073,1024,solve,2091.008057
3073,1024,solve,2107.392090
3073,1024,solve,2089.983887
3073,1024,solve,2136.063965
3073,1024,solve,1988.608032
3073,1024,solve,2631.679932
3073,1024,solve,5163.040039
3073,1024,solve,4621.471680
3073,1024,solve,4933.631836
3073,1024,solve,2776.063965
3073,1024,solve,2864.128174
3073,1024,solve,2860.031982
3073,1024,solve,2839.552002
3073,1024,solve,2882.560059
3073,1024,solve,2784.255859
3073,1024,solve,2765.760010
3073,1024,solve,2745.343994
3073,1024,solve,2798.592041
3073,1024,solve,2914.303955
3073,1024,solve,2844.608154
3073,1024,solve,2776.063965
3073,1024,solve,2613.248047
3073,1024,solve,2532.447998
3073,1024,solve,2579.360107
3073,1024,solve,2435.104004
3073,1024,solve,2663.424072
3073,1024,solve,2720.768066
3073,1024,solve,2693.120117
3073,1024,solve,2488.320068
3073,1024,solve,2668.416016
3073,1024,solve,2553.855957
3073,1024,solve,4288.416016
3073,1024,solve,2631.679932
3073,1024,solve,2475.008057
3073,1024,solve,2575.360107
3073,1024,solve,2331.648193
3073,1024,solve,2315.263916
3073,1024,solve,2193.407959
3073,1024,solve,2113.535889
3073,1024,solve,2099.199951
3073,1024,solve,2101.248047
3073,1024,solve,2091.008057
3073,1024,solve,2138.079834
3073,1024,solve,2059.263916
3073,1024,solve,2126.847900
3073,1024,solve,2324.543945
3073,1024,solve,4070.400146
3073,1024,solve,5043.200195
3073,1024,solve,4026.368164
3073,1024,solve,2665.471924
3073,1024,solve,2742.335938
3073,1024,solve,2855.936035
3073,1024,solve,2603.008057
3073,1024,solve,2398.208008
3073,1024,solve,2412.543945
3073,1024,solve,2508.800049
3073,1024,solve,4294.560059
3073,1024,solve,4368.383789
3073,1024,solve,3822.624023
3073,1024,solve,3099.776123
3073,1024,solve,2906.112061
3073,1024,solve,2743.295898
3073,1024,solve,2636.768066
3073,1024,solve,2496.511963
3073,1024,solve,2878.463867
3073,1024,solve,2588.671875
3073,1024,solve,2526.208008
3073,1024,solve,2468.864014
3073,1024,solve,2280.447998
3073,1024,solve,4051.104004
3073,1024,solve,211.968002
3073,1024,checkDegeneracy,119.808006
2049,1024,costsVector,208.895996
2049,1024,gauss2,577.536011
2049,1024,solve,2577.439941
2049,1024,solve,3881.983887
2049,1024,solve,4681.759766
2049,1024,solve,3609.600098
2049,1024,solve,3289.087891
2049,1024,solve,3272.703857
2049,1024,solve,7408.736328
2049,1024,solve,2891.776123
2049,1024,solve,2770.944092
2049,1024,solve,2767.040039
2049,1024,solve,2680.832031
2049,1024,solve,2551.808105
2049,1024,solve,2620.511963
2049,1024,solve,2616.127930
2049,1024,solve,2790.400146
2049,1024,solve,3878.911865
2049,1024,solve,2769.920166
2049,1024,solve,2756.607910
2049,1024,solve,2718.719971
2049,1024,solve,3333.120117
2049,1024,solve,3207.104004
2049,1024,solve,3136.511963
2049,1024,solve,3021.823975
2049,1024,solve,2890.752197
2049,1024,solve,3115.008057
2049,1024,solve,2888.704102
2049,1024,solve,3202.048096
2049,1024,solve,2917.375977
2049,1024,solve,2801.664062
2049,1024,solve,2597.887939
2049,1024,solve,2566.144043
2049,1024,solve,2395.136230
2049,1024,solve,2605.983887
2049,1024,solve,2512.991943
2049,1024,solve,2439.167969
2049,1024,solve,1745.919922
2049,1024,solve,1625.088013
2049,1024,solve,1539.072021
2049,1024,solve,1661.952026
2049,1024,solve,1538.047974
2049,1024,solve,1511.423950
2049,1024,solve,1534.975952
2049,1024,solve,1442.816040
2049,1024,solve,1440.767944
2049,1024,solve,1449.984009
2049,1024,solve,1679.359985
2049,1024,solve,1565.696045
2049,1024,solve,1451.007935
2049,1024,solve,1434.623901
2049,1024,solve,1534.975952
2049,1024,solve,1422.400024
2049,1024,solve,1557.504028
2049,1024,solve,1522.687988
2049,1024,solve,1532.927979
2049,1024,solve,1424.384033
2049,1024,solve,2329.503906
2049,1024,solve,4119.552246
2049,1024,solve,4170.751953
2049,1024,solve,3293.184082
2049,1024,solve,2728.959961
2049,1024,solve,2610.176025
2049,1024,solve,2615.295898
2049,1024,solve,2479.104004
2049,1024,solve,2136.063965
2049,1024,solve,1838.080078
2049,1024,solve,2100.224121
2049,1024,solve,2120.703857
2049,1024,solve,1793.119995
2049,1024,solve,1666.079956
2049,1024,solve,1559.552002
2049,1024,solve,1479.679932
2049,1024,solve,1425.343994
2049,1024,solve,1585.024048
2049,1024,solve,1443.840088
2049,1024,solve,1665.952026
2049,1024,solve,1565.696045
2049,1024,solve,2337.919922
2049,1024,solve,4111.359863
2049,1024,solve,4129.791992
2049,1024,solve,3264.416016
2049,1024,solve,1838.208008
2049,1024,solve,1676.287964
2049,1024,solve,1430.528076
2049,1024,solve,1418.239990
2049,1024,solve,1549.312012
2049,1024,solve,1408.031982
2049,1024,solve,1494.015991
2049,1024,solve,1530.880005
2049,1024,solve,1556.480103
2049,1024,solve,1409.024048
2049,1024,solve,1410.047974
2049,1024,solve,1525.760010
2049,1024,solve,1445.984009
2049,1024,solve,1402.976074
2049,1024,solve,1400.832031
2049,1024,solve,1507.328003
2049,1024,solve,1525.760010
2049,1024,solve,1423.359985
2049,1024,solve,1412.096069
2049,1024,solve,1411.072021
2049,1024,solve,1507.328003
2049,1024,solve,1533.952026
2049,1024,solve,1496.063965
2049,1024,solve,1509.376099
2049,1024,solve,1472.511963
2049,1024,solve,1392.640015
2049,1024,solve,1398.784058
2049,1024,solve,1406.975952
2049,1024,solve,1732.607910
2049,1024,solve,3462.143799
2049,1024,solve,3300.352051
2049,1024,solve,4210.687988
2049,1024,solve,2426.879883
2049,1024,solve,1930.239990
2049,1024,solve,1774.592041
2049,1024,solve,1598.463989
2049,1024,solve,1571.840088
2049,1024,solve,1502.208008
2049,1024,solve,1727.488037
2049,1024,solve,3426.304199
2049,1024,solve,3830.751953
2049,1024,solve,3890.176025
2049,1024,solve,2049.024170
2049,1024,solve,2048.000000
2049,1024,solve,4050.943848
2049,1024,solve,4183.040039
2049,1024,solve,3930.111816
2049,1024,solve,1961.056030
2049,1024,solve,1832.959961
2049,1024,solve,1820.543945
2049,1024,solve,1527.807983
2049,1024,solve,1554.432007
2049,1024,solve,1523.712036
2049,1024,solve,1541.119995
2049,1024,solve,1495.040039
2049,1024,solve,1514.463989
2049,1024,solve,1408.000000
2049,1024,solve,1515.583984
2049,1024,solve,1541.183960
2049,1024,solve,1507.328003
2049,1024,solve,1515.424072
2049,1024,solve,1524.736084
2049,1024,solve,1418.239990
2049,1024,solve,1397.855957
2049,1024,solve,1822.720093
2049,1024,solve,3358.719971
2049,1024,solve,4122.624023
2049,1024,solve,4010.079834
2049,1024,solve,2072.575928
2049,1024,solve,139.264008
2049,1024,solution,793.600037
